88 

label 13, symbol dnaK, locus b0014
macro f1 0.48231884057971014, micro f1 0.5957446808510638, class f1 [0.24       0.72463768]
true [1 1 1 1 1 1 1 1 1 1 0 1 1 1 1 1 1 1 1 1 0 1 1 0 0 1 1 1 1 1 1 0 1 1 1 1 1
 0 0 0 0 0 0 0 0 0 0]
pred [0 0 0 0 0 0 0 1 1 1 1 1 1 1 1 1 1 1 1 1 1 1 1 1 1 1 1 1 1 1 1 1 1 1 1 1 1
 1 1 1 1 0 0 0 1 1 1]

label 364, symbol cynX, locus b0341
macro f1 0.5252525252525253, micro f1 0.6595744680851063, class f1 [0.27272727 0.77777778]
true [1 1 1 1 1 1 1 0 1 0 1 1 1 1 1 1 1 1 1 1 1 1 1 1 1 1 1 1 1 1 1 1 1 1 1 1 1
 0 0 0 0 0 0 0 0 0 0]
pred [0 0 0 0 0 0 0 1 1 1 1 1 1 1 1 1 1 1 1 1 1 1 1 1 1 1 1 1 1 1 1 1 1 1 1 1 1
 1 1 1 1 0 0 0 1 1 1]

label 365, symbol lacA, locus b0342
macro f1 0.7965367965367965, micro f1 0.8297872340425532, class f1 [0.71428571 0.87878788]
true [0 0 0 0 0 0 0 1 1 0 1 1 1 1 1 1 1 1 1 1 1 1 1 1 1 1 1 1 1 1 1 1 1 1 1 1 1
 0 0 0 0 0 0 0 0 0 0]
pred [0 0 0 0 0 0 0 1 1 1 1 1 1 1 1 1 1 1 1 1 1 1 1 1 1 1 1 1 1 1 1 1 1 1 1 1 1
 1 1 1 1 0 0 0 1 1 1]

label 366, symbol lacY, locus b0343
macro f1 0.7142067440574903, micro f1 0.7659574468085106, class f1 [0.59259259 0.8358209 ]
true [0 0 0 0 0 1 1 0 1 0 1 1 1 1 1 1 1 1 1 1 1 1 1 1 1 1 1 1 1 1 1 1 1 1 1 1 1
 0 0 0 0 0 0 0 0 0 0]
pred [0 0 0 0 0 0 0 1 1 1 1 1 1 1 1 1 1 1 1 1 1 1 1 1 1 1 1 1 1 1 1 1 1 1 1 1 1
 1 1 1 1 0 0 0 1 1 1]

label 531, symbol gcl, locus b0507
macro f1 0.4592728946157386, micro f1 0.46808510638297873, class f1 [0.3902439  0.52830189]
true [0 0 0 0 0 1 1 0 0 0 0 0 1 0 0 0 1 0 1 1 0 1 1 0 0 1 1 1 0 0 0 0 0 0 1 1 1
 1 0 0 1 0 0 0 0 0 0]
pred [0 0 0 0 0 0 0 1 1 1 1 1 1 1 1 1 1 1 1 1 1 1 1 1 1 1 1 1 1 1 1 1 1 1 1 1 1
 1 1 1 1 0 0 0 1 1 1]

label 532, symbol hyi, locus b0508
macro f1 0.4872727272727273, micro f1 0.48936170212765956, class f1 [0.45454545 0.52      ]
true [0 0 0 0 0 0 0 0 0 0 0 0 0 0 0 0 1 1 1 1 0 1 1 0 0 1 1 1 0 0 0 0 0 0 1 1 1
 0 0 0 1 0 0 0 0 0 0]
pred [0 0 0 0 0 0 0 1 1 1 1 1 1 1 1 1 1 1 1 1 1 1 1 1 1 1 1 1 1 1 1 1 1 1 1 1 1
 1 1 1 1 0 0 0 1 1 1]

label 574, symbol ninE, locus b0548
macro f1 1.0, micro f1 1.0, class f1 [1.]
true [0 0 0 0 0 0 0 0 0 0 0 0 0 0 0 0 0 0 0 0 0 0 0 0 0 0 0 0 0 0 0 0 0 0 0 0 0
 0 0 0 0 0 0 0 0 0 0]
pred [0 0 0 0 0 0 0 0 0 0 0 0 0 0 0 0 0 0 0 0 0 0 0 0 0 0 0 0 0 0 0 0 0 0 0 0 0
 0 0 0 0 0 0 0 0 0 0]

label 575, symbol ybcO, locus b0549
macro f1 1.0, micro f1 1.0, class f1 [1.]
true [0 0 0 0 0 0 0 0 0 0 0 0 0 0 0 0 0 0 0 0 0 0 0 0 0 0 0 0 0 0 0 0 0 0 0 0 0
 0 0 0 0 0 0 0 0 0 0]
pred [0 0 0 0 0 0 0 0 0 0 0 0 0 0 0 0 0 0 0 0 0 0 0 0 0 0 0 0 0 0 0 0 0 0 0 0 0
 0 0 0 0 0 0 0 0 0 0]

label 577, symbol ylcG, locus b4509
macro f1 1.0, micro f1 1.0, class f1 [1.]
true [0 0 0 0 0 0 0 0 0 0 0 0 0 0 0 0 0 0 0 0 0 0 0 0 0 0 0 0 0 0 0 0 0 0 0 0 0
 0 0 0 0 0 0 0 0 0 0]
pred [0 0 0 0 0 0 0 0 0 0 0 0 0 0 0 0 0 0 0 0 0 0 0 0 0 0 0 0 0 0 0 0 0 0 0 0 0
 0 0 0 0 0 0 0 0 0 0]

label 611, symbol ybdK, locus b0581
macro f1 0.4213406292749658, micro f1 0.425531914893617, class f1 [0.37209302 0.47058824]
true [0 0 0 0 0 1 1 0 0 0 0 0 1 0 0 1 1 1 0 1 0 0 0 0 0 1 1 0 1 1 0 0 0 0 1 1 1
 0 0 0 0 0 0 0 0 0 0]
pred [0 0 0 0 0 0 0 1 1 1 1 1 1 1 1 1 1 1 1 1 1 1 1 1 1 1 1 1 1 1 1 1 1 1 1 1 1
 1 1 1 1 0 0 0 1 1 1]

label 650, symbol citE, locus b0616
macro f1 0.4642042863657091, micro f1 0.46808510638297873, class f1 [0.41860465 0.50980392]
true [0 0 0 0 0 0 1 0 1 0 0 1 1 0 1 0 1 0 0 1 0 0 0 0 0 1 1 1 1 0 0 0 0 0 1 1 0
 1 0 0 0 0 0 0 0 0 0]
pred [0 0 0 0 0 0 0 1 1 1 1 1 1 1 1 1 1 1 1 1 1 1 1 1 1 1 1 1 1 1 1 1 1 1 1 1 1
 1 1 1 1 0 0 0 1 1 1]

label 857, symbol mntS, locus b4705
macro f1 0.4213406292749658, micro f1 0.425531914893617, class f1 [0.37209302 0.47058824]
true [0 0 0 0 0 1 1 0 0 0 0 0 1 0 1 1 0 0 0 1 0 0 0 0 0 1 1 0 1 1 0 0 0 0 1 1 1
 0 0 0 1 0 0 0 0 0 0]
pred [0 0 0 0 0 0 0 1 1 1 1 1 1 1 1 1 1 1 1 1 1 1 1 1 1 1 1 1 1 1 1 1 1 1 1 1 1
 1 1 1 1 0 0 0 1 1 1]

label 907, symbol ybjP, locus b0865
macro f1 0.5836829836829837, micro f1 0.5957446808510638, class f1 [0.51282051 0.65454545]
true [0 0 0 0 0 0 0 0 1 0 0 0 1 1 1 1 1 1 0 1 0 1 0 0 0 1 1 1 1 1 0 0 0 0 1 1 1
 0 0 0 1 0 0 0 0 0 0]
pred [0 0 0 0 0 0 0 1 1 1 1 1 1 1 1 1 1 1 1 1 1 1 1 1 1 1 1 1 1 1 1 1 1 1 1 1 1
 1 1 1 1 0 0 0 1 1 1]

label 940, symbol ycaC, locus b0897
macro f1 0.5070679434564523, micro f1 0.5106382978723404, class f1 [0.46511628 0.54901961]
true [0 0 0 0 0 0 0 0 0 0 0 0 1 0 1 1 1 1 0 1 0 1 0 0 0 1 1 1 0 0 0 0 0 0 1 1 1
 0 0 0 1 0 0 0 0 0 0]
pred [0 0 0 0 0 0 0 1 1 1 1 1 1 1 1 1 1 1 1 1 1 1 1 1 1 1 1 1 1 1 1 1 1 1 1 1 1
 1 1 1 1 0 0 0 1 1 1]

label 1016, symbol hyaB, locus b0973
macro f1 0.4592728946157386, micro f1 0.46808510638297873, class f1 [0.3902439  0.52830189]
true [0 0 0 0 0 1 1 0 0 0 0 0 1 0 1 1 1 1 0 1 0 1 0 0 0 1 1 1 0 0 0 0 0 0 1 1 1
 1 0 0 0 0 0 0 0 0 0]
pred [0 0 0 0 0 0 0 1 1 1 1 1 1 1 1 1 1 1 1 1 1 1 1 1 1 1 1 1 1 1 1 1 1 1 1 1 1
 1 1 1 1 0 0 0 1 1 1]

label 1050, symbol yccJ, locus b1003
macro f1 0.6030799801291604, micro f1 0.6382978723404256, class f1 [0.48484848 0.72131148]
true [0 0 0 0 0 1 1 1 1 0 0 1 1 1 1 1 1 1 1 1 0 1 1 0 0 1 1 1 1 1 0 0 0 0 1 1 1
 0 0 0 1 0 0 0 0 0 0]
pred [0 0 0 0 0 0 0 1 1 1 1 1 1 1 1 1 1 1 1 1 1 1 1 1 1 1 1 1 1 1 1 1 1 1 1 1 1
 1 1 1 1 0 0 0 1 1 1]

label 1051, symbol wrbA, locus b1004
macro f1 0.5675544794188861, micro f1 0.5957446808510638, class f1 [0.45714286 0.6779661 ]
true [0 0 0 0 0 1 1 0 1 0 0 1 1 1 1 1 1 1 1 1 0 1 1 0 0 1 1 1 1 1 0 0 0 0 1 1 1
 0 0 0 0 0 0 0 0 0 0]
pred [0 0 0 0 0 0 0 1 1 1 1 1 1 1 1 1 1 1 1 1 1 1 1 1 1 1 1 1 1 1 1 1 1 1 1 1 1
 1 1 1 1 0 0 0 1 1 1]

label 1087, symbol csgA, locus b1042
macro f1 0.4213406292749658, micro f1 0.425531914893617, class f1 [0.37209302 0.47058824]
true [0 0 0 0 0 1 1 0 1 0 0 1 1 0 1 1 0 0 0 0 0 0 0 0 0 1 1 1 0 0 0 0 0 0 1 1 1
 0 0 0 1 0 0 0 0 0 0]
pred [0 0 0 0 0 0 0 1 1 1 1 1 1 1 1 1 1 1 1 1 1 1 1 1 1 1 1 1 1 1 1 1 1 1 1 1 1
 1 1 1 1 0 0 0 1 1 1]

label 1200, symbol ymfR, locus b1150
macro f1 1.0, micro f1 1.0, class f1 [1.]
true [0 0 0 0 0 0 0 0 0 0 0 0 0 0 0 0 0 0 0 0 0 0 0 0 0 0 0 0 0 0 0 0 0 0 0 0 0
 0 0 0 0 0 0 0 0 0 0]
pred [0 0 0 0 0 0 0 0 0 0 0 0 0 0 0 0 0 0 0 0 0 0 0 0 0 0 0 0 0 0 0 0 0 0 0 0 0
 0 0 0 0 0 0 0 0 0 0]

label 1289, symbol narH, locus b1225
macro f1 0.5320056899004267, micro f1 0.5531914893617021, class f1 [0.43243243 0.63157895]
true [0 0 0 0 0 1 1 0 1 0 0 1 1 1 1 1 1 1 1 1 0 1 1 0 0 1 1 1 0 0 0 0 0 0 1 1 1
 0 0 0 0 0 0 0 0 0 0]
pred [0 0 0 0 0 0 0 1 1 1 1 1 1 1 1 1 1 1 1 1 1 1 1 1 1 1 1 1 1 1 1 1 1 1 1 1 1
 1 1 1 1 0 0 0 1 1 1]

label 1291, symbol narI, locus b1227
macro f1 0.44047619047619047, micro f1 0.44680851063829785, class f1 [0.38095238 0.5       ]
true [0 0 0 0 0 1 1 0 0 0 0 0 1 0 1 1 1 0 0 1 0 1 0 0 0 1 1 1 0 1 0 0 0 0 1 1 1
 0 0 0 0 0 0 0 0 0 0]
pred [0 0 0 0 0 0 0 1 1 1 1 1 1 1 1 1 1 1 1 1 1 1 1 1 1 1 1 1 1 1 1 1 1 1 1 1 1
 1 1 1 1 0 0 0 1 1 1]

label 1324, symbol yciE, locus b1257
macro f1 0.5582706766917294, micro f1 0.574468085106383, class f1 [0.47368421 0.64285714]
true [0 0 0 0 0 0 1 0 0 0 0 1 1 1 1 1 1 1 1 1 0 1 1 0 0 1 1 1 0 0 0 0 0 0 1 1 1
 0 0 0 1 0 0 0 0 0 0]
pred [0 0 0 0 0 0 0 1 1 1 1 1 1 1 1 1 1 1 1 1 1 1 1 1 1 1 1 1 1 1 1 1 1 1 1 1 1
 1 1 1 1 0 0 0 1 1 1]

label 1376, symbol puuE, locus b1302
macro f1 0.44047619047619047, micro f1 0.44680851063829785, class f1 [0.38095238 0.5       ]
true [0 0 0 0 0 1 1 0 1 0 0 0 1 1 1 1 0 0 0 1 0 1 0 0 0 1 1 0 0 1 0 0 0 0 1 1 1
 0 0 0 0 0 0 0 0 0 0]
pred [0 0 0 0 0 0 0 1 1 1 1 1 1 1 1 1 1 1 1 1 1 1 1 1 1 1 1 1 1 1 1 1 1 1 1 1 1
 1 1 1 1 0 0 0 1 1 1]

label 1443, symbol ydaU, locus b1359
macro f1 0.40398550724637683, micro f1 0.40425531914893614, class f1 [0.39130435 0.41666667]
true [0 0 0 0 0 0 1 0 0 0 0 0 1 0 0 1 1 0 0 1 0 0 0 0 0 1 1 0 0 1 0 0 0 0 1 1 1
 0 0 0 0 0 0 0 0 0 0]
pred [0 0 0 0 0 0 0 1 1 1 1 1 1 1 1 1 1 1 1 1 1 1 1 1 1 1 1 1 1 1 1 1 1 1 1 1 1
 1 1 1 1 0 0 0 1 1 1]

label 1561, symbol yddK, locus b1471
macro f1 1.0, micro f1 1.0, class f1 [1.]
true [0 0 0 0 0 0 0 0 0 0 0 0 0 0 0 0 0 0 0 0 0 0 0 0 0 0 0 0 0 0 0 0 0 0 0 0 0
 0 0 0 0 0 0 0 0 0 0]
pred [0 0 0 0 0 0 0 0 0 0 0 0 0 0 0 0 0 0 0 0 0 0 0 0 0 0 0 0 0 0 0 0 0 0 0 0 0
 0 0 0 0 0 0 0 0 0 0]

label 1570, symbol sra, locus b1480
macro f1 0.5648148148148149, micro f1 0.574468085106383, class f1 [0.5        0.62962963]
true [0 0 0 0 0 0 0 0 1 0 0 0 1 1 1 1 1 1 1 1 0 1 0 0 0 1 1 1 0 0 0 0 0 0 1 1 1
 0 0 0 1 0 0 0 0 0 0]
pred [0 0 0 0 0 0 0 1 1 1 1 1 1 1 1 1 1 1 1 1 1 1 1 1 1 1 1 1 1 1 1 1 1 1 1 1 1
 1 1 1 1 0 0 0 1 1 1]

label 1607, symbol lsrB, locus b1516
macro f1 0.4777777777777778, micro f1 0.48936170212765956, class f1 [0.4        0.55555556]
true [0 0 0 0 0 1 1 0 1 0 0 0 1 1 1 1 1 1 0 1 0 1 0 0 0 1 1 1 0 0 0 0 0 0 1 1 1
 0 0 0 0 0 0 0 0 0 0]
pred [0 0 0 0 0 0 0 1 1 1 1 1 1 1 1 1 1 1 1 1 1 1 1 1 1 1 1 1 1 1 1 1 1 1 1 1 1
 1 1 1 1 0 0 0 1 1 1]

label 1608, symbol lsrF, locus b1517
macro f1 0.4592728946157386, micro f1 0.46808510638297873, class f1 [0.3902439  0.52830189]
true [0 0 0 0 0 1 1 0 0 0 0 0 1 0 0 1 1 1 1 1 0 1 0 0 0 1 1 1 0 0 0 0 0 0 1 1 1
 0 0 0 1 0 0 0 0 0 0]
pred [0 0 0 0 0 0 0 1 1 1 1 1 1 1 1 1 1 1 1 1 1 1 1 1 1 1 1 1 1 1 1 1 1 1 1 1 1
 1 1 1 1 0 0 0 1 1 1]

label 1609, symbol lsrG, locus b1518
macro f1 0.42448979591836733, micro f1 0.425531914893617, class f1 [0.4        0.44897959]
true [0 0 0 0 0 0 1 0 0 0 0 0 1 1 0 1 1 0 0 1 0 0 0 0 0 1 1 1 0 0 0 0 0 0 1 1 1
 0 0 0 0 0 0 0 0 0 0]
pred [0 0 0 0 0 0 0 1 1 1 1 1 1 1 1 1 1 1 1 1 1 1 1 1 1 1 1 1 1 1 1 1 1 1 1 1 1
 1 1 1 1 0 0 0 1 1 1]

label 1647, symbol ynfN, locus b1551
macro f1 1.0, micro f1 1.0, class f1 [1.]
true [0 0 0 0 0 0 0 0 0 0 0 0 0 0 0 0 0 0 0 0 0 0 0 0 0 0 0 0 0 0 0 0 0 0 0 0 0
 0 0 0 0 0 0 0 0 0 0]
pred [0 0 0 0 0 0 0 0 0 0 0 0 0 0 0 0 0 0 0 0 0 0 0 0 0 0 0 0 0 0 0 0 0 0 0 0 0
 0 0 0 0 0 0 0 0 0 0]

label 1648, symbol ynfR, locus b4749
macro f1 1.0, micro f1 1.0, class f1 [1.]
true [0 0 0 0 0 0 0 0 0 0 0 0 0 0 0 0 0 0 0 0 0 0 0 0 0 0 0 0 0 0 0 0 0 0 0 0 0
 0 0 0 0 0 0 0 0 0 0]
pred [0 0 0 0 0 0 0 0 0 0 0 0 0 0 0 0 0 0 0 0 0 0 0 0 0 0 0 0 0 0 0 0 0 0 0 0 0
 0 0 0 0 0 0 0 0 0 0]

label 1652, symbol rzoQ, locus b4689
macro f1 1.0, micro f1 1.0, class f1 [1.]
true [0 0 0 0 0 0 0 0 0 0 0 0 0 0 0 0 0 0 0 0 0 0 0 0 0 0 0 0 0 0 0 0 0 0 0 0 0
 0 0 0 0 0 0 0 0 0 0]
pred [0 0 0 0 0 0 0 0 0 0 0 0 0 0 0 0 0 0 0 0 0 0 0 0 0 0 0 0 0 0 0 0 0 0 0 0 0
 0 0 0 0 0 0 0 0 0 0]

label 1655, symbol essQ, locus b1556
macro f1 1.0, micro f1 1.0, class f1 [1.]
true [0 0 0 0 0 0 0 0 0 0 0 0 0 0 0 0 0 0 0 0 0 0 0 0 0 0 0 0 0 0 0 0 0 0 0 0 0
 0 0 0 0 0 0 0 0 0 0]
pred [0 0 0 0 0 0 0 0 0 0 0 0 0 0 0 0 0 0 0 0 0 0 0 0 0 0 0 0 0 0 0 0 0 0 0 0 0
 0 0 0 0 0 0 0 0 0 0]

label 1681, symbol ynfP, locus b4534
macro f1 1.0, micro f1 1.0, class f1 [1.]
true [0 0 0 0 0 0 0 0 0 0 0 0 0 0 0 0 0 0 0 0 0 0 0 0 0 0 0 0 0 0 0 0 0 0 0 0 0
 0 0 0 0 0 0 0 0 0 0]
pred [0 0 0 0 0 0 0 0 0 0 0 0 0 0 0 0 0 0 0 0 0 0 0 0 0 0 0 0 0 0 0 0 0 0 0 0 0
 0 0 0 0 0 0 0 0 0 0]

label 1699, symbol asr, locus b1597
macro f1 0.4213406292749658, micro f1 0.425531914893617, class f1 [0.37209302 0.47058824]
true [0 0 0 0 0 1 1 0 0 0 0 0 1 0 0 0 1 1 0 1 0 1 0 0 0 1 1 1 0 0 0 0 0 0 1 1 1
 0 0 0 1 0 0 0 0 0 0]
pred [0 0 0 0 0 0 0 1 1 1 1 1 1 1 1 1 1 1 1 1 1 1 1 1 1 1 1 1 1 1 1 1 1 1 1 1 1
 1 1 1 1 0 0 0 1 1 1]

label 1715, symbol fumC, locus b1611
macro f1 0.40181818181818185, micro f1 0.40425531914893614, class f1 [0.36363636 0.44      ]
true [0 0 0 0 0 1 1 0 1 0 0 0 1 0 0 1 1 0 0 1 0 0 0 0 0 1 1 1 0 0 0 0 0 0 1 1 1
 0 0 0 0 0 0 0 0 0 0]
pred [0 0 0 0 0 0 0 1 1 1 1 1 1 1 1 1 1 1 1 1 1 1 1 1 1 1 1 1 1 1 1 1 1 1 1 1 1
 1 1 1 1 0 0 0 1 1 1]

label 1777, symbol ydhX, locus b1671
macro f1 0.4592728946157386, micro f1 0.46808510638297873, class f1 [0.3902439  0.52830189]
true [0 0 0 0 0 1 1 0 0 0 0 0 1 0 1 1 1 1 1 1 0 1 1 0 0 1 1 1 0 0 0 0 0 0 1 1 0
 0 0 0 0 0 0 0 0 0 0]
pred [0 0 0 0 0 0 0 1 1 1 1 1 1 1 1 1 1 1 1 1 1 1 1 1 1 1 1 1 1 1 1 1 1 1 1 1 1
 1 1 1 1 0 0 0 1 1 1]

label 1780, symbol ydhY, locus b1674
macro f1 0.48351648351648346, micro f1 0.48936170212765956, class f1 [0.42857143 0.53846154]
true [0 0 0 0 0 0 1 0 0 0 0 1 1 0 0 0 1 1 1 1 0 1 1 0 1 1 1 1 0 0 0 0 0 0 0 0 0
 1 0 0 1 0 0 0 0 0 0]
pred [0 0 0 0 0 0 0 1 1 1 1 1 1 1 1 1 1 1 1 1 1 1 1 1 1 1 1 1 1 1 1 1 1 1 1 1 1
 1 1 1 1 0 0 0 1 1 1]

label 1855, symbol astD, locus b1746
macro f1 0.40181818181818185, micro f1 0.40425531914893614, class f1 [0.36363636 0.44      ]
true [0 0 0 0 0 1 1 0 1 1 0 0 1 1 0 1 0 0 0 1 0 0 0 0 0 0 1 0 1 0 0 0 0 0 1 1 1
 0 0 0 0 0 0 0 0 0 0]
pred [0 0 0 0 0 0 0 1 1 1 1 1 1 1 1 1 1 1 1 1 1 1 1 1 1 1 1 1 1 1 1 1 1 1 1 1 1
 1 1 1 1 0 0 0 1 1 1]

label 1893, symbol yeaH, locus b1784
macro f1 0.4592728946157386, micro f1 0.46808510638297873, class f1 [0.3902439  0.52830189]
true [0 0 0 0 0 1 1 0 1 0 0 0 1 0 1 1 1 1 0 1 0 0 0 0 0 1 1 1 0 1 0 0 0 0 1 1 1
 0 0 0 0 0 0 0 0 0 0]
pred [0 0 0 0 0 0 0 1 1 1 1 1 1 1 1 1 1 1 1 1 1 1 1 1 1 1 1 1 1 1 1 1 1 1 1 1 1
 1 1 1 1 0 0 0 1 1 1]

label 2248, symbol yehK, locus b4541
macro f1 1.0, micro f1 1.0, class f1 [1.]
true [0 0 0 0 0 0 0 0 0 0 0 0 0 0 0 0 0 0 0 0 0 0 0 0 0 0 0 0 0 0 0 0 0 0 0 0 0
 0 0 0 0 0 0 0 0 0 0]
pred [0 0 0 0 0 0 0 0 0 0 0 0 0 0 0 0 0 0 0 0 0 0 0 0 0 0 0 0 0 0 0 0 0 0 0 0 0
 0 0 0 0 0 0 0 0 0 0]

label 2492, symbol yfdM, locus b2356
macro f1 1.0, micro f1 1.0, class f1 [1.]
true [0 0 0 0 0 0 0 0 0 0 0 0 0 0 0 0 0 0 0 0 0 0 0 0 0 0 0 0 0 0 0 0 0 0 0 0 0
 0 0 0 0 0 0 0 0 0 0]
pred [0 0 0 0 0 0 0 0 0 0 0 0 0 0 0 0 0 0 0 0 0 0 0 0 0 0 0 0 0 0 0 0 0 0 0 0 0
 0 0 0 0 0 0 0 0 0 0]

label 2566, symbol cysU, locus b2424
macro f1 0.44047619047619047, micro f1 0.44680851063829785, class f1 [0.38095238 0.5       ]
true [0 0 0 0 0 1 1 0 0 0 0 1 1 1 1 1 0 0 0 1 0 0 0 0 0 1 1 1 1 1 0 0 0 0 1 1 0
 0 0 0 0 0 0 0 0 0 0]
pred [0 0 0 0 0 0 0 1 1 1 1 1 1 1 1 1 1 1 1 1 1 1 1 1 1 1 1 1 1 1 1 1 1 1 1 1 1
 1 1 1 1 0 0 0 1 1 1]

label 2606, symbol talA, locus b2464
macro f1 0.4642042863657091, micro f1 0.46808510638297873, class f1 [0.41860465 0.50980392]
true [0 0 0 0 0 1 0 0 1 0 0 0 1 0 1 1 1 0 0 1 0 1 0 0 0 1 1 1 0 0 0 0 0 0 1 1 1
 0 0 0 0 0 0 0 0 0 0]
pred [0 0 0 0 0 0 0 1 1 1 1 1 1 1 1 1 1 1 1 1 1 1 1 1 1 1 1 1 1 1 1 1 1 1 1 1 1
 1 1 1 1 0 0 0 1 1 1]

label 2688, symbol hcaF, locus b2539
macro f1 0.4213406292749658, micro f1 0.425531914893617, class f1 [0.37209302 0.47058824]
true [0 0 0 0 0 1 1 0 0 0 0 1 1 1 1 1 0 0 0 1 0 0 0 0 0 1 1 0 1 0 0 0 0 0 1 1 0
 1 0 0 0 0 0 0 0 0 0]
pred [0 0 0 0 0 0 0 1 1 1 1 1 1 1 1 1 1 1 1 1 1 1 1 1 1 1 1 1 1 1 1 1 1 1 1 1 1
 1 1 1 1 0 0 0 1 1 1]

label 2690, symbol hcaB, locus b2541
macro f1 0.40181818181818185, micro f1 0.40425531914893614, class f1 [0.36363636 0.44      ]
true [0 0 0 0 0 1 1 0 1 0 0 0 1 0 1 1 0 0 0 1 0 0 0 0 0 0 1 0 0 1 0 0 0 0 1 1 1
 1 0 0 0 0 0 0 0 0 0]
pred [0 0 0 0 0 0 0 1 1 1 1 1 1 1 1 1 1 1 1 1 1 1 1 1 1 1 1 1 1 1 1 1 1 1 1 1 1
 1 1 1 1 0 0 0 1 1 1]

label 2811, symbol gabD, locus b2661
macro f1 0.4874348032242769, micro f1 0.5106382978723404, class f1 [0.37837838 0.59649123]
true [1 0 0 0 0 1 1 1 1 1 0 0 1 1 1 1 1 0 0 1 0 0 0 0 0 1 1 1 1 1 0 0 0 0 1 1 1
 0 0 0 0 0 0 0 0 0 0]
pred [0 0 0 0 0 0 0 1 1 1 1 1 1 1 1 1 1 1 1 1 1 1 1 1 1 1 1 1 1 1 1 1 1 1 1 1 1
 1 1 1 1 0 0 0 1 1 1]

label 2812, symbol gabT, locus b2662
macro f1 0.4777777777777778, micro f1 0.48936170212765956, class f1 [0.4        0.55555556]
true [0 0 0 0 0 1 1 0 1 1 0 0 1 1 1 1 1 0 0 1 0 0 0 0 0 1 1 1 0 1 0 0 0 0 1 1 1
 0 0 0 0 0 0 0 0 0 0]
pred [0 0 0 0 0 0 0 1 1 1 1 1 1 1 1 1 1 1 1 1 1 1 1 1 1 1 1 1 1 1 1 1 1 1 1 1 1
 1 1 1 1 0 0 0 1 1 1]

label 2901, symbol cysN, locus b2751
macro f1 0.4213406292749658, micro f1 0.425531914893617, class f1 [0.37209302 0.47058824]
true [0 0 0 0 0 1 1 0 0 0 0 0 1 1 1 1 1 0 0 1 0 1 0 0 0 1 1 1 0 0 0 0 0 0 1 1 0
 0 0 0 0 0 0 0 0 0 0]
pred [0 0 0 0 0 0 0 1 1 1 1 1 1 1 1 1 1 1 1 1 1 1 1 1 1 1 1 1 1 1 1 1 1 1 1 1 1
 1 1 1 1 0 0 0 1 1 1]

label 2902, symbol cysD, locus b2752
macro f1 0.4445454545454546, micro f1 0.44680851063829785, class f1 [0.40909091 0.48      ]
true [0 0 0 0 0 0 1 0 0 0 0 0 1 1 1 1 1 0 0 1 0 1 0 0 0 1 1 1 0 0 0 0 0 0 1 1 0
 0 0 0 0 0 0 0 0 0 0]
pred [0 0 0 0 0 0 0 1 1 1 1 1 1 1 1 1 1 1 1 1 1 1 1 1 1 1 1 1 1 1 1 1 1 1 1 1 1
 1 1 1 1 0 0 0 1 1 1]

label 2951, symbol fucO, locus b2799
macro f1 0.43425925925925923, micro f1 0.44680851063829785, class f1 [0.35       0.51851852]
true [1 0 0 0 0 1 1 0 1 0 0 0 1 0 0 1 1 0 1 1 0 1 0 0 0 1 1 1 1 0 0 0 0 0 1 1 0
 0 0 0 1 0 0 0 0 0 0]
pred [0 0 0 0 0 0 0 1 1 1 1 1 1 1 1 1 1 1 1 1 1 1 1 1 1 1 1 1 1 1 1 1 1 1 1 1 1
 1 1 1 1 0 0 0 1 1 1]

label 2978, symbol ppdB, locus b2825
macro f1 0.4213406292749658, micro f1 0.425531914893617, class f1 [0.37209302 0.47058824]
true [0 0 0 0 0 1 1 0 1 0 0 0 1 0 1 1 0 0 0 1 0 0 0 0 0 1 1 1 0 1 0 0 0 0 1 1 0
 1 0 0 0 0 0 0 0 0 0]
pred [0 0 0 0 0 0 0 1 1 1 1 1 1 1 1 1 1 1 1 1 1 1 1 1 1 1 1 1 1 1 1 1 1 1 1 1 1
 1 1 1 1 0 0 0 1 1 1]

label 3140, symbol glcE, locus b4468
macro f1 0.5852941176470587, micro f1 0.6170212765957447, class f1 [0.47058824 0.7       ]
true [0 0 0 0 0 1 1 0 1 0 1 1 1 1 1 1 1 1 1 1 0 1 1 0 1 1 1 1 0 0 0 0 0 0 1 1 1
 1 0 0 0 0 0 0 0 0 0]
pred [0 0 0 0 0 0 0 1 1 1 1 1 1 1 1 1 1 1 1 1 1 1 1 1 1 1 1 1 1 1 1 1 1 1 1 1 1
 1 1 1 1 0 0 0 1 1 1]

label 3141, symbol glcD, locus b2979
macro f1 0.5852941176470587, micro f1 0.6170212765957447, class f1 [0.47058824 0.7       ]
true [0 0 0 0 0 1 1 0 1 0 1 1 1 1 1 1 1 1 1 1 0 1 1 0 1 1 1 1 0 0 0 0 0 0 1 1 1
 1 0 0 0 0 0 0 0 0 0]
pred [0 0 0 0 0 0 0 1 1 1 1 1 1 1 1 1 1 1 1 1 1 1 1 1 1 1 1 1 1 1 1 1 1 1 1 1 1
 1 1 1 1 0 0 0 1 1 1]

label 3237, symbol ygjH, locus b3074
macro f1 0.40398550724637683, micro f1 0.40425531914893614, class f1 [0.39130435 0.41666667]
true [0 0 0 0 0 0 1 0 1 0 0 0 1 0 0 1 1 0 0 1 0 0 0 0 0 1 1 0 0 0 0 0 0 0 1 1 1
 0 0 0 0 0 0 0 0 0 0]
pred [0 0 0 0 0 0 0 1 1 1 1 1 1 1 1 1 1 1 1 1 1 1 1 1 1 1 1 1 1 1 1 1 1 1 1 1 1
 1 1 1 1 0 0 0 1 1 1]

label 3255, symbol uxaC, locus b3092
macro f1 0.5427547363031233, micro f1 0.5957446808510638, class f1 [0.38709677 0.6984127 ]
true [1 1 0 0 0 1 1 0 1 0 0 1 1 1 1 1 1 1 1 1 1 1 1 1 1 1 1 1 0 0 0 0 0 0 1 1 1
 0 0 0 1 0 0 0 0 0 0]
pred [0 0 0 0 0 0 0 1 1 1 1 1 1 1 1 1 1 1 1 1 1 1 1 1 1 1 1 1 1 1 1 1 1 1 1 1 1
 1 1 1 1 0 0 0 1 1 1]

label 3275, symbol tdcF, locus b3113
macro f1 0.4213406292749658, micro f1 0.425531914893617, class f1 [0.37209302 0.47058824]
true [0 0 0 0 0 1 1 0 1 0 0 0 1 0 1 0 1 1 0 1 0 1 0 0 0 1 1 1 0 0 0 0 0 0 1 1 0
 0 0 0 0 0 0 0 0 0 0]
pred [0 0 0 0 0 0 0 1 1 1 1 1 1 1 1 1 1 1 1 1 1 1 1 1 1 1 1 1 1 1 1 1 1 1 1 1 1
 1 1 1 1 0 0 0 1 1 1]

label 3280, symbol tdcA, locus b3118
macro f1 0.4642042863657091, micro f1 0.46808510638297873, class f1 [0.41860465 0.50980392]
true [0 0 0 0 0 0 1 0 1 0 0 1 1 0 1 1 1 1 0 1 0 1 0 0 0 1 1 1 0 0 0 0 0 0 0 0 0
 0 0 0 1 0 0 0 0 0 0]
pred [0 0 0 0 0 0 0 1 1 1 1 1 1 1 1 1 1 1 1 1 1 1 1 1 1 1 1 1 1 1 1 1 1 1 1 1 1
 1 1 1 1 0 0 0 1 1 1]

label 3287, symbol garL, locus b3126
macro f1 0.6024436090225564, micro f1 0.6170212765957447, class f1 [0.52631579 0.67857143]
true [0 0 0 0 0 0 0 0 1 0 0 1 1 1 1 1 0 1 1 1 0 1 0 0 0 1 1 1 0 1 0 0 0 0 1 1 1
 1 0 0 1 0 0 0 0 0 0]
pred [0 0 0 0 0 0 0 1 1 1 1 1 1 1 1 1 1 1 1 1 1 1 1 1 1 1 1 1 1 1 1 1 1 1 1 1 1
 1 1 1 1 0 0 0 1 1 1]

label 3288, symbol garP, locus b3127
macro f1 0.5457892314772204, micro f1 0.5531914893617021, class f1 [0.48780488 0.60377358]
true [0 0 0 0 0 0 0 0 1 0 0 1 1 1 1 1 1 0 0 1 0 1 0 0 0 1 1 1 0 0 0 0 0 0 1 1 0
 1 0 0 1 0 0 0 0 0 0]
pred [0 0 0 0 0 0 0 1 1 1 1 1 1 1 1 1 1 1 1 1 1 1 1 1 1 1 1 1 1 1 1 1 1 1 1 1 1
 1 1 1 1 0 0 0 1 1 1]

label 3375, symbol yhcC, locus b3211
macro f1 0.4777777777777778, micro f1 0.48936170212765956, class f1 [0.4        0.55555556]
true [0 0 0 0 0 1 1 0 0 0 0 1 1 0 1 1 1 0 0 1 0 1 0 0 0 1 1 1 1 1 0 0 0 0 1 1 0
 1 0 0 0 0 0 0 0 0 0]
pred [0 0 0 0 0 0 0 1 1 1 1 1 1 1 1 1 1 1 1 1 1 1 1 1 1 1 1 1 1 1 1 1 1 1 1 1 1
 1 1 1 1 0 0 0 1 1 1]

label 3539, symbol frlD, locus b3374
macro f1 0.4777777777777778, micro f1 0.48936170212765956, class f1 [0.4        0.55555556]
true [0 0 0 0 0 1 1 0 1 1 0 0 1 0 1 1 1 0 0 1 0 0 0 0 0 1 1 1 1 1 0 0 0 0 1 1 0
 1 0 0 0 0 0 0 0 0 0]
pred [0 0 0 0 0 0 0 1 1 1 1 1 1 1 1 1 1 1 1 1 1 1 1 1 1 1 1 1 1 1 1 1 1 1 1 1 1
 1 1 1 1 0 0 0 1 1 1]

label 3607, symbol yhhY, locus b3441
macro f1 0.5836829836829837, micro f1 0.5957446808510638, class f1 [0.51282051 0.65454545]
true [0 0 0 0 0 0 0 1 1 1 0 0 1 1 1 1 1 0 0 1 0 1 0 0 0 1 1 1 1 1 0 0 0 0 1 1 0
 0 0 0 1 0 0 0 0 0 0]
pred [0 0 0 0 0 0 0 1 1 1 1 1 1 1 1 1 1 1 1 1 1 1 1 1 1 1 1 1 1 1 1 1 1 1 1 1 1
 1 1 1 1 0 0 0 1 1 1]

label 3676, symbol arsC, locus b3503
macro f1 0.48351648351648346, micro f1 0.48936170212765956, class f1 [0.42857143 0.53846154]
true [0 0 0 0 0 0 1 0 0 0 0 1 1 1 1 1 1 0 0 1 0 0 0 0 0 0 1 0 1 1 0 0 0 0 1 1 1
 0 0 0 1 0 0 0 0 0 0]
pred [0 0 0 0 0 0 0 1 1 1 1 1 1 1 1 1 1 1 1 1 1 1 1 1 1 1 1 1 1 1 1 1 1 1 1 1 1
 1 1 1 1 0 0 0 1 1 1]

label 3682, symbol hdeB, locus b3509
macro f1 0.4872727272727273, micro f1 0.48936170212765956, class f1 [0.45454545 0.52      ]
true [0 0 0 0 0 0 0 0 0 1 0 0 0 0 0 0 1 1 0 0 0 1 0 0 0 1 1 1 1 1 0 0 0 0 1 1 1
 0 0 0 1 0 0 0 0 0 0]
pred [0 0 0 0 0 0 0 1 1 1 1 1 1 1 1 1 1 1 1 1 1 1 1 1 1 1 1 1 1 1 1 1 1 1 1 1 1
 1 1 1 1 0 0 0 1 1 1]

label 3683, symbol hdeA, locus b3510
macro f1 0.5070679434564523, micro f1 0.5106382978723404, class f1 [0.46511628 0.54901961]
true [0 0 0 0 0 0 0 0 0 1 0 0 1 0 1 1 1 0 0 0 0 0 0 0 0 1 1 1 1 1 0 0 0 0 1 1 1
 0 0 0 1 0 0 0 0 0 0]
pred [0 0 0 0 0 0 0 1 1 1 1 1 1 1 1 1 1 1 1 1 1 1 1 1 1 1 1 1 1 1 1 1 1 1 1 1 1
 1 1 1 1 0 0 0 1 1 1]

label 3719, symbol dppD, locus b3541
macro f1 0.6209677419354839, micro f1 0.6595744680851063, class f1 [0.5        0.74193548]
true [0 0 0 0 0 1 1 0 1 0 0 1 1 1 1 1 1 1 1 1 0 1 1 0 0 1 1 1 1 1 0 1 1 1 1 1 1
 0 0 0 0 0 0 0 0 0 0]
pred [0 0 0 0 0 0 0 1 1 1 1 1 1 1 1 1 1 1 1 1 1 1 1 1 1 1 1 1 1 1 1 1 1 1 1 1 1
 1 1 1 1 0 0 0 1 1 1]

label 3721, symbol dppB, locus b3543
macro f1 0.5675544794188861, micro f1 0.5957446808510638, class f1 [0.45714286 0.6779661 ]
true [0 0 0 0 0 1 1 0 0 0 0 1 1 1 1 1 1 0 0 1 0 1 0 0 0 1 1 1 1 1 0 1 1 1 1 1 1
 1 0 0 0 0 0 0 0 0 0]
pred [0 0 0 0 0 0 0 1 1 1 1 1 1 1 1 1 1 1 1 1 1 1 1 1 1 1 1 1 1 1 1 1 1 1 1 1 1
 1 1 1 1 0 0 0 1 1 1]

label 3722, symbol dppA, locus b3544
macro f1 0.6390168970814132, micro f1 0.6808510638297872, class f1 [0.51612903 0.76190476]
true [0 0 0 0 0 1 1 0 1 0 0 1 1 1 1 1 1 1 1 1 0 1 1 0 0 1 1 1 1 1 0 0 1 1 1 1 1
 1 0 0 1 0 0 0 0 0 0]
pred [0 0 0 0 0 0 0 1 1 1 1 1 1 1 1 1 1 1 1 1 1 1 1 1 1 1 1 1 1 1 1 1 1 1 1 1 1
 1 1 1 1 0 0 0 1 1 1]

label 3889, symbol ibpA, locus b3687
macro f1 0.4614583333333333, micro f1 0.5319148936170213, class f1 [0.26666667 0.65625   ]
true [1 1 1 1 0 1 1 0 0 0 0 1 1 1 1 1 1 1 1 1 0 1 0 0 0 1 1 1 1 1 1 0 1 1 1 1 1
 0 0 0 0 0 0 0 0 0 0]
pred [0 0 0 0 0 0 0 1 1 1 1 1 1 1 1 1 1 1 1 1 1 1 1 1 1 1 1 1 1 1 1 1 1 1 1 1 1
 1 1 1 1 0 0 0 1 1 1]

label 3894, symbol dgoD, locus b4478
macro f1 0.48351648351648346, micro f1 0.48936170212765956, class f1 [0.42857143 0.53846154]
true [0 0 0 0 0 0 1 0 1 0 0 0 1 0 1 1 1 0 0 0 0 1 0 0 0 1 1 0 1 1 0 0 0 0 1 1 1
 1 0 0 0 0 0 0 0 0 0]
pred [0 0 0 0 0 0 0 1 1 1 1 1 1 1 1 1 1 1 1 1 1 1 1 1 1 1 1 1 1 1 1 1 1 1 1 1 1
 1 1 1 1 0 0 0 1 1 1]

label 3897, symbol dgoR, locus b4479
macro f1 0.5265567765567765, micro f1 0.5319148936170213, class f1 [0.47619048 0.57692308]
true [0 0 0 0 0 0 0 0 1 0 0 0 1 0 1 1 1 0 0 1 0 1 0 0 0 1 1 1 1 1 0 0 0 0 1 1 0
 0 0 0 1 0 0 0 0 0 0]
pred [0 0 0 0 0 0 0 1 1 1 1 1 1 1 1 1 1 1 1 1 1 1 1 1 1 1 1 1 1 1 1 1 1 1 1 1 1
 1 1 1 1 0 0 0 1 1 1]

label 3912, symbol tnaA, locus b3708
macro f1 0.5422077922077922, micro f1 0.6170212765957447, class f1 [0.35714286 0.72727273]
true [1 1 0 1 0 1 1 1 1 1 1 1 1 1 1 1 1 1 1 1 1 1 1 1 1 1 1 1 0 0 0 0 0 0 1 1 0
 0 0 0 1 0 0 0 0 0 0]
pred [0 0 0 0 0 0 0 1 1 1 1 1 1 1 1 1 1 1 1 1 1 1 1 1 1 1 1 1 1 1 1 1 1 1 1 1 1
 1 1 1 1 0 0 0 1 1 1]

label 4114, symbol rhaT, locus b3907
macro f1 0.4592728946157386, micro f1 0.46808510638297873, class f1 [0.3902439  0.52830189]
true [0 0 0 0 0 1 1 0 1 0 0 1 1 1 1 1 0 0 0 1 0 0 0 0 0 1 1 0 0 1 0 0 0 0 1 1 1
 1 0 0 0 0 0 0 0 0 0]
pred [0 0 0 0 0 0 0 1 1 1 1 1 1 1 1 1 1 1 1 1 1 1 1 1 1 1 1 1 1 1 1 1 1 1 1 1 1
 1 1 1 1 0 0 0 1 1 1]

label 4245, symbol malE, locus b4034
macro f1 0.4213406292749658, micro f1 0.425531914893617, class f1 [0.37209302 0.47058824]
true [0 0 0 0 0 1 1 0 1 1 0 0 1 0 0 1 1 1 0 1 0 1 0 0 0 1 1 1 0 0 0 0 0 0 0 0 0
 0 0 0 1 0 0 0 0 0 0]
pred [0 0 0 0 0 0 0 1 1 1 1 1 1 1 1 1 1 1 1 1 1 1 1 1 1 1 1 1 1 1 1 1 1 1 1 1 1
 1 1 1 1 0 0 0 1 1 1]

label 4282, symbol yjcH, locus b4068
macro f1 0.5457892314772204, micro f1 0.5531914893617021, class f1 [0.48780488 0.60377358]
true [0 0 0 0 0 0 0 0 1 0 0 1 1 1 1 1 1 1 0 1 0 1 0 0 0 1 1 1 0 0 0 0 0 0 1 1 1
 0 0 0 0 0 0 0 0 0 0]
pred [0 0 0 0 0 0 0 1 1 1 1 1 1 1 1 1 1 1 1 1 1 1 1 1 1 1 1 1 1 1 1 1 1 1 1 1 1
 1 1 1 1 0 0 0 1 1 1]

label 4284, symbol ytcB, locus b4821
macro f1 1.0, micro f1 1.0, class f1 [1.]
true [0 0 0 0 0 0 0 0 0 0 0 0 0 0 0 0 0 0 0 0 0 0 0 0 0 0 0 0 0 0 0 0 0 0 0 0 0
 0 0 0 0 0 0 0 0 0 0]
pred [0 0 0 0 0 0 0 0 0 0 0 0 0 0 0 0 0 0 0 0 0 0 0 0 0 0 0 0 0 0 0 0 0 0 0 0 0
 0 0 0 0 0 0 0 0 0 0]

label 4285, symbol nrfA, locus b4070
macro f1 0.5852941176470587, micro f1 0.6170212765957447, class f1 [0.47058824 0.7       ]
true [0 0 0 0 0 1 1 0 1 0 0 1 1 1 1 1 1 1 1 1 1 1 1 0 1 1 1 1 1 1 0 0 0 0 1 1 0
 0 0 0 0 0 0 0 0 0 0]
pred [0 0 0 0 0 0 0 1 1 1 1 1 1 1 1 1 1 1 1 1 1 1 1 1 1 1 1 1 1 1 1 1 1 1 1 1 1
 1 1 1 1 0 0 0 1 1 1]

label 4286, symbol nrfB, locus b4071
macro f1 0.4213406292749658, micro f1 0.425531914893617, class f1 [0.37209302 0.47058824]
true [0 0 0 0 0 1 1 0 0 0 0 0 1 0 0 0 1 1 1 1 0 1 1 0 0 1 1 1 0 0 0 0 0 0 1 1 0
 0 0 0 0 0 0 0 0 0 0]
pred [0 0 0 0 0 0 0 1 1 1 1 1 1 1 1 1 1 1 1 1 1 1 1 1 1 1 1 1 1 1 1 1 1 1 1 1 1
 1 1 1 1 0 0 0 1 1 1]

label 4288, symbol nrfD, locus b4073
macro f1 0.40398550724637683, micro f1 0.40425531914893614, class f1 [0.39130435 0.41666667]
true [0 0 0 0 0 1 0 0 0 0 0 0 1 0 0 0 1 0 0 1 0 1 0 0 0 1 1 1 0 0 0 0 0 0 1 1 0
 1 0 0 0 0 0 0 0 0 0]
pred [0 0 0 0 0 0 0 1 1 1 1 1 1 1 1 1 1 1 1 1 1 1 1 1 1 1 1 1 1 1 1 1 1 1 1 1 1
 1 1 1 1 0 0 0 1 1 1]

label 4289, symbol nrfE, locus b4074
macro f1 0.40181818181818185, micro f1 0.40425531914893614, class f1 [0.36363636 0.44      ]
true [0 0 0 0 0 1 1 0 0 0 0 0 1 0 0 1 1 0 0 1 0 0 0 0 0 1 1 1 0 1 0 0 0 0 1 1 0
 1 0 0 0 0 0 0 0 0 0]
pred [0 0 0 0 0 0 0 1 1 1 1 1 1 1 1 1 1 1 1 1 1 1 1 1 1 1 1 1 1 1 1 1 1 1 1 1 1
 1 1 1 1 0 0 0 1 1 1]

label 4312, symbol phnL, locus b4096
macro f1 0.40181818181818185, micro f1 0.40425531914893614, class f1 [0.36363636 0.44      ]
true [0 0 0 0 0 1 1 0 0 0 0 1 1 0 1 1 1 0 0 0 0 0 0 0 0 1 0 1 1 1 0 0 0 0 1 1 0
 0 0 0 0 0 0 0 0 0 0]
pred [0 0 0 0 0 0 0 1 1 1 1 1 1 1 1 1 1 1 1 1 1 1 1 1 1 1 1 1 1 1 1 1 1 1 1 1 1
 1 1 1 1 0 0 0 1 1 1]

label 4349, symbol cadB, locus b4132
macro f1 0.4592728946157386, micro f1 0.46808510638297873, class f1 [0.3902439  0.52830189]
true [0 0 0 0 0 1 1 0 1 0 0 0 1 0 0 1 1 1 1 1 0 1 0 0 0 1 1 1 1 1 0 0 0 0 1 0 0
 0 0 0 0 0 0 0 0 0 0]
pred [0 0 0 0 0 0 0 1 1 1 1 1 1 1 1 1 1 1 1 1 1 1 1 1 1 1 1 1 1 1 1 1 1 1 1 1 1
 1 1 1 1 0 0 0 1 1 1]

label 4417, symbol ulaC, locus b4195
macro f1 0.42448979591836733, micro f1 0.425531914893617, class f1 [0.4        0.44897959]
true [0 0 0 0 0 1 0 0 0 0 0 1 1 0 1 0 1 0 0 1 0 1 0 0 0 1 1 1 0 0 0 0 0 0 1 1 0
 0 0 0 0 0 0 0 0 0 0]
pred [0 0 0 0 0 0 0 1 1 1 1 1 1 1 1 1 1 1 1 1 1 1 1 1 1 1 1 1 1 1 1 1 1 1 1 1 1
 1 1 1 1 0 0 0 1 1 1]

label 4418, symbol ulaD, locus b4196
macro f1 0.40398550724637683, micro f1 0.40425531914893614, class f1 [0.39130435 0.41666667]
true [0 0 0 0 0 1 0 0 0 0 0 1 1 0 0 1 1 0 0 1 0 0 0 0 0 1 1 1 0 0 0 0 0 0 1 1 0
 0 0 0 0 0 0 0 0 0 0]
pred [0 0 0 0 0 0 0 1 1 1 1 1 1 1 1 1 1 1 1 1 1 1 1 1 1 1 1 1 1 1 1 1 1 1 1 1 1
 1 1 1 1 0 0 0 1 1 1]

label 4419, symbol ulaE, locus b4197
macro f1 0.4213406292749658, micro f1 0.425531914893617, class f1 [0.37209302 0.47058824]
true [0 0 0 0 0 1 1 0 0 0 0 0 1 1 1 1 1 0 0 0 0 0 0 0 0 1 1 0 1 1 0 0 0 0 1 1 0
 1 0 0 0 0 0 0 0 0 0]
pred [0 0 0 0 0 0 0 1 1 1 1 1 1 1 1 1 1 1 1 1 1 1 1 1 1 1 1 1 1 1 1 1 1 1 1 1 1
 1 1 1 1 0 0 0 1 1 1]

label 4420, symbol ulaF, locus b4198
macro f1 0.5212962962962963, micro f1 0.5319148936170213, class f1 [0.45       0.59259259]
true [0 0 0 0 0 0 1 0 1 0 0 0 1 0 1 1 1 1 0 1 0 1 0 0 0 1 1 1 1 1 0 0 0 0 1 1 0
 1 0 0 0 0 0 0 0 0 0]
pred [0 0 0 0 0 0 0 1 1 1 1 1 1 1 1 1 1 1 1 1 1 1 1 1 1 1 1 1 1 1 1 1 1 1 1 1 1
 1 1 1 1 0 0 0 1 1 1]

label 4557, symbol iraD, locus b4326
macro f1 0.48351648351648346, micro f1 0.48936170212765956, class f1 [0.42857143 0.53846154]
true [0 0 0 0 0 0 1 0 0 0 0 1 1 1 1 1 1 0 0 0 0 0 0 0 0 1 1 1 1 1 0 0 0 0 1 1 0
 1 0 0 0 0 0 0 0 0 0]
pred [0 0 0 0 0 0 0 1 1 1 1 1 1 1 1 1 1 1 1 1 1 1 1 1 1 1 1 1 1 1 1 1 1 1 1 1 1
 1 1 1 1 0 0 0 1 1 1]

