

before pretrain
--------------------
label        0	       1	       2	       3	       4	       5	       6	       7	       8	       9	      10	      11	      12	      13	      14	      15	      16	      17	      18	      19	      20	      21	      22	      23	      24	      25	      26	      27	      28	      29	      30	      31	      32	      33	      34	      35	      36	      37	      38	      39	      40	      41	      42	      43	      44	      45	      46	      47	      48	      49	      50	      51	      52	      53	      54	      55	      56	      57	      58	      59	      60	      61	      62	      63	      64	      65	      66	      67	      68	      69	      70	      71	      72	      73	      74	      75	      76	      77	      78	      79	      80	      81	      82	      83	      84	      85	      86	      87	      88	      89	      90	      91	      92	      93	      94	      95	      96	      97	      98	      99	     100	     101	     102	     103	     104	     105	     106	     107	     108	     109	     110	     111	     112	     113	     114	     115	     116	     117	     118	     119	     120	     121	     122	     123	     124	     125	     126	     127	     128	     129	     130	     131	     132	     133	     134	     135	     136	     137	     138	     139	     140	     141	     142	     143	     144	     145	     146	     147	     148	     149	     150	     151	     152	     153	     154	     155	     156	     157	     158	     159	     160	     161	     162	     163	     164	     165	     166	     167	     168	     169	     170	     171	     172	     173	     174	     175	     176	     177	     178	     179	     180	     181	     182	     183	     184	     185	     186	     187	     188	     189	     190	     191	     192	     193	     194	     195	     196	     197	     198	     199	     200	     201	     202	     203	     204	     205	     206	     207	     208	     209	     210	     211	     212	     213	     214	     215	     216	     217	     218	     219	     220	     221	     222	     223	     224	     225	     226	     227	     228	     229	     230	     231	     232	     233	     234	     235	     236	     237	     238	     239	     240	
   acc    0.00%	 100.00%	   0.00%	 100.00%	   0.00%	 100.00%	   0.00%	   0.00%	 100.00%	   0.00%	   0.00%	   0.00%	   0.00%	   0.00%	   0.00%	 100.00%	 100.00%	   0.00%	 100.00%	   0.00%	   0.00%	 100.00%	   0.00%	   0.00%	 100.00%	   0.00%	 100.00%	 100.00%	   0.00%	   0.00%	   0.00%	 100.00%	   0.00%	 100.00%	   0.00%	  50.00%	   0.00%	 100.00%	   0.00%	   0.00%	   0.00%	 100.00%	   0.00%	 100.00%	 100.00%	   0.00%	   0.00%	   0.00%	   0.00%	  50.00%	   0.00%	 100.00%	 100.00%	   0.00%	 100.00%	   0.00%	 100.00%	   0.00%	   0.00%	   0.00%	   0.00%	   0.00%	   0.00%	   0.00%	   0.00%	   0.00%	 100.00%	   0.00%	   0.00%	   0.00%	   0.00%	 100.00%	  50.00%	   0.00%	   0.00%	   0.00%	   0.00%	   0.00%	   0.00%	 100.00%	   0.00%	   0.00%	  50.00%	 100.00%	   0.00%	   0.00%	 100.00%	 100.00%	   0.00%	   0.00%	   0.00%	   0.00%	   0.00%	   0.00%	   0.00%	   0.00%	   0.00%	   0.00%	   0.00%	   0.00%	   0.00%	 100.00%	   0.00%	   0.00%	   0.00%	   0.00%	   0.00%	 100.00%	 100.00%	   0.00%	   0.00%	 100.00%	 100.00%	   0.00%	   0.00%	 100.00%	 100.00%	   0.00%	 100.00%	 100.00%	   0.00%	 100.00%	   0.00%	   0.00%	   0.00%	   0.00%	 100.00%	 100.00%	   0.00%	   0.00%	   0.00%	 100.00%	  50.00%	  50.00%	   0.00%	   0.00%	 100.00%	   0.00%	   0.00%	 100.00%	   0.00%	   0.00%	   0.00%	 100.00%	   0.00%	   0.00%	 100.00%	   0.00%	   0.00%	 100.00%	   0.00%	   0.00%	   0.00%	   0.00%	 100.00%	   0.00%	 100.00%	 100.00%	   0.00%	 100.00%	   0.00%	   0.00%	   0.00%	   0.00%	 100.00%	   0.00%	   0.00%	 100.00%	 100.00%	   0.00%	 100.00%	   0.00%	 100.00%	 100.00%	   0.00%	   0.00%	   0.00%	  50.00%	   0.00%	   0.00%	 100.00%	   0.00%	   0.00%	   0.00%	 100.00%	   0.00%	   0.00%	 100.00%	   0.00%	   0.00%	 100.00%	 100.00%	   0.00%	 100.00%	   0.00%	   0.00%	 100.00%	   0.00%	   0.00%	 100.00%	   0.00%	 100.00%	   0.00%	   0.00%	 100.00%	   0.00%	   0.00%	 100.00%	   0.00%	   0.00%	 100.00%	 100.00%	   0.00%	   0.00%	 100.00%	   0.00%	 100.00%	   0.00%	 100.00%	   0.00%	  50.00%	   0.00%	   0.00%	   0.00%	   0.00%	  50.00%	   0.00%	   0.00%	   0.00%	   0.00%	  50.00%	 100.00%	  50.00%	   0.00%	   0.00%	 100.00%	   0.00%	   0.00%	   0.00%	 100.00%	   0.00%	
    f1   0.0000	  1.0000	  0.0000	  1.0000	  0.0000	  1.0000	  0.0000	  0.0000	  1.0000	  0.0000	  0.0000	  0.0000	  0.0000	  0.0000	  0.0000	  1.0000	  1.0000	  0.0000	  1.0000	  0.0000	  0.0000	  1.0000	  0.0000	  0.0000	  1.0000	  0.0000	  1.0000	  1.0000	  0.0000	  0.0000	  0.0000	  1.0000	  0.0000	  1.0000	  0.0000	  0.3333	  0.0000	  1.0000	  0.0000	  0.0000	  0.0000	  1.0000	  0.0000	  1.0000	  1.0000	  0.0000	  0.0000	  0.0000	  0.0000	  0.3333	  0.0000	  1.0000	  1.0000	  0.0000	  1.0000	  0.0000	  1.0000	  0.0000	  0.0000	  0.0000	  0.0000	  0.0000	  0.0000	  0.0000	  0.0000	  0.0000	  1.0000	  0.0000	  0.0000	  0.0000	  0.0000	  1.0000	  0.3333	  0.0000	  0.0000	  0.0000	  0.0000	  0.0000	  0.0000	  1.0000	  0.0000	  0.0000	  0.3333	  1.0000	  0.0000	  0.0000	  1.0000	  1.0000	  0.0000	  0.0000	  0.0000	  0.0000	  0.0000	  0.0000	  0.0000	  0.0000	  0.0000	  0.0000	  0.0000	  0.0000	  0.0000	  1.0000	  0.0000	  0.0000	  0.0000	  0.0000	  0.0000	  1.0000	  1.0000	  0.0000	  0.0000	  1.0000	  1.0000	  0.0000	  0.0000	  1.0000	  1.0000	  0.0000	  1.0000	  1.0000	  0.0000	  1.0000	  0.0000	  0.0000	  0.0000	  0.0000	  1.0000	  1.0000	  0.0000	  0.0000	  0.0000	  1.0000	  0.3333	  0.3333	  0.0000	  0.0000	  1.0000	  0.0000	  0.0000	  1.0000	  0.0000	  0.0000	  0.0000	  1.0000	  0.0000	  0.0000	  1.0000	  0.0000	  0.0000	  1.0000	  0.0000	  0.0000	  0.0000	  0.0000	  1.0000	  0.0000	  1.0000	  1.0000	  0.0000	  1.0000	  0.0000	  0.0000	  0.0000	  0.0000	  1.0000	  0.0000	  0.0000	  1.0000	  1.0000	  0.0000	  1.0000	  0.0000	  1.0000	  1.0000	  0.0000	  0.0000	  0.0000	  0.3333	  0.0000	  0.0000	  1.0000	  0.0000	  0.0000	  0.0000	  1.0000	  0.0000	  0.0000	  1.0000	  0.0000	  0.0000	  1.0000	  1.0000	  0.0000	  1.0000	  0.0000	  0.0000	  1.0000	  0.0000	  0.0000	  1.0000	  0.0000	  1.0000	  0.0000	  0.0000	  1.0000	  0.0000	  0.0000	  1.0000	  0.0000	  0.0000	  1.0000	  1.0000	  0.0000	  0.0000	  1.0000	  0.0000	  1.0000	  0.0000	  1.0000	  0.0000	  0.3333	  0.0000	  0.0000	  0.0000	  0.0000	  0.3333	  0.0000	  0.0000	  0.0000	  0.0000	  0.3333	  1.0000	  0.3333	  0.0000	  0.0000	  1.0000	  0.0000	  0.0000	  0.0000	  1.0000	  0.0000	
pred 0       -1	      -1	       1	       0	       0	       0	       1	      -1	       1	       0	       0	      -1	      -1	       1	      -1	       0	       1	      -1	       1	      -1	       1	       0	      -1	       1	      -1	       1	       0	       0	       1	      -1	       0	       0	      -1	       0	       1	       1	       0	      -1	      -1	      -1	      -1	       1	       1	       0	       0	       1	       1	       1	      -1	       0	       1	       1	       1	      -1	       0	      -1	      -1	       0	      -1	      -1	       1	      -1	       0	      -1	       0	      -1	       0	       1	      -1	      -1	      -1	       0	       0	      -1	      -1	      -1	       1	      -1	       1	       0	      -1	       0	       0	       0	       1	      -1	       0	       0	      -1	       1	      -1	      -1	       1	       1	       1	      -1	      -1	       1	      -1	      -1	       1	       0	      -1	       1	       1	       1	      -1	       0	       0	       1	       1	       0	       0	       1	       1	       0	       0	       1	       0	       0	       1	       1	       1	      -1	      -1	       1	       1	       1	      -1	       1	       1	       0	       0	       0	       1	       0	       0	      -1	      -1	       1	      -1	       1	      -1	       0	       1	       1	       0	      -1	       1	       0	      -1	       1	       1	      -1	       0	       1	       0	       1	      -1	       0	      -1	       1	      -1	      -1	       0	       1	      -1	       0	       0	      -1	       0	       1	       0	       0	      -1	      -1	      -1	       1	       1	       1	       0	      -1	       1	      -1	       0	      -1	      -1	       1	      -1	       1	      -1	       0	       1	       0	      -1	      -1	       0	      -1	      -1	       1	       0	       1	      -1	      -1	       1	      -1	       0	       0	      -1	       1	       0	       1	       0	       1	       0	       1	       0	       1	       0	      -1	      -1	      -1	       1	      -1	      -1	       0	      -1	      -1	      -1	      -1	       1	       1	       0	      -1	       1	       0	      -1	       1	       0	       0	      -1	
prob 0     0.34	    0.34	    0.35	    0.34	    0.34	    0.35	    0.35	    0.35	    0.34	    0.35	    0.35	    0.34	    0.34	    0.34	    0.34	    0.34	    0.35	    0.35	    0.34	    0.35	    0.34	    0.36	    0.35	    0.34	    0.34	    0.35	    0.34	    0.34	    0.35	    0.34	    0.35	    0.35	    0.35	    0.34	    0.34	    0.34	    0.35	    0.33	    0.34	    0.34	    0.35	    0.34	    0.34	    0.34	    0.34	    0.34	    0.34	    0.34	    0.34	    0.34	    0.34	    0.35	    0.35	    0.36	    0.35	    0.34	    0.34	    0.34	    0.34	    0.34	    0.34	    0.35	    0.34	    0.34	    0.34	    0.35	    0.35	    0.34	    0.34	    0.33	    0.35	    0.34	    0.35	    0.35	    0.35	    0.36	    0.34	    0.35	    0.34	    0.34	    0.35	    0.34	    0.35	    0.34	    0.34	    0.34	    0.35	    0.34	    0.34	    0.36	    0.34	    0.35	    0.34	    0.35	    0.34	    0.34	    0.35	    0.34	    0.35	    0.34	    0.34	    0.35	    0.34	    0.34	    0.34	    0.35	    0.34	    0.35	    0.34	    0.34	    0.35	    0.35	    0.34	    0.34	    0.35	    0.34	    0.35	    0.34	    0.34	    0.35	    0.34	    0.34	    0.35	    0.36	    0.35	    0.35	    0.35	    0.36	    0.34	    0.34	    0.35	    0.34	    0.35	    0.35	    0.35	    0.34	    0.35	    0.35	    0.34	    0.34	    0.34	    0.34	    0.35	    0.35	    0.34	    0.35	    0.34	    0.35	    0.35	    0.34	    0.34	    0.35	    0.34	    0.34	    0.34	    0.34	    0.35	    0.35	    0.35	    0.34	    0.34	    0.35	    0.35	    0.35	    0.34	    0.34	    0.35	    0.34	    0.35	    0.34	    0.35	    0.34	    0.34	    0.35	    0.34	    0.34	    0.34	    0.34	    0.34	    0.34	    0.34	    0.35	    0.36	    0.35	    0.35	    0.35	    0.35	    0.34	    0.34	    0.34	    0.34	    0.34	    0.34	    0.35	    0.35	    0.34	    0.35	    0.35	    0.34	    0.34	    0.34	    0.35	    0.34	    0.35	    0.34	    0.34	    0.35	    0.34	    0.35	    0.34	    0.36	    0.34	    0.34	    0.34	    0.34	    0.34	    0.34	    0.35	    0.34	    0.34	    0.34	    0.34	    0.34	    0.34	    0.34	    0.34	    0.35	    0.35	    0.34	    0.33	    0.35	    0.33	    0.34	    0.34	    0.34	    0.34	    0.34	    0.34	    0.34	    0.35	    0.36	
test 0        0	      -1	       0	       0	       1	       0	       0	       1	       1	       1	       1	       0	       0	       0	       0	       0	       1	       0	       1	       0	       0	       0	       0	      -1	      -1	       0	       0	       0	       0	       0	       1	       0	       0	       0	       0	       0	       1	      -1	       0	       0	       0	       1	       0	       0	       0	       0	       0	       0	       0	       1	       0	       1	       1	       0	       0	       0	      -1	      -1	       0	       0	       0	       0	       1	       0	       1	       0	       0	       0	       0	       0	       0	       0	       0	       0	       1	       0	       0	       0	       0	       0	       0	      -1	       0	       0	       0	       0	       0	       0	       0	       0	       0	       0	       0	       0	       0	       0	       0	       0	       0	       0	       0	       0	       0	       0	       0	       0	       0	       0	       0	       0	       0	       0	       0	       0	       0	       0	       0	       0	       0	       0	       0	       1	       0	       0	       0	       0	       1	       1	       0	       0	       0	       0	       0	       1	       0	      -1	       0	       0	       0	       1	       1	       0	       0	       0	       0	       0	       0	       0	       0	       0	       0	       0	       0	       0	       0	       0	       0	       1	       0	       0	       0	       0	       0	       0	       0	       0	       0	       0	       0	       0	       0	       0	       0	       0	       0	       0	       1	       1	       0	       0	       0	       1	       0	       0	       0	       0	       0	       1	       0	       0	      -1	       0	       0	       0	       0	       0	       0	       0	       1	       1	       1	       1	       0	       0	       1	       1	       1	       0	       1	       0	       0	       1	       1	       0	       0	       0	       0	       0	       0	       0	       0	       0	       0	       0	       0	       0	       0	       1	       1	       0	       0	       1	       0	       0	       0	       0	       0	      -1	       1	       0	       0	
pred 1       -1	      -1	       1	       0	       0	       0	       1	      -1	       1	       0	       0	      -1	      -1	       1	      -1	       0	       1	      -1	       1	      -1	       1	       0	      -1	       1	      -1	       1	       0	       0	       1	      -1	       0	       0	      -1	       0	       1	       1	       0	      -1	      -1	      -1	      -1	       1	       1	       0	       0	       1	       1	       1	      -1	       0	       1	       1	       1	      -1	       0	      -1	      -1	       0	      -1	      -1	       1	      -1	       0	      -1	       0	      -1	       0	       1	      -1	      -1	      -1	       0	       0	      -1	      -1	      -1	       1	      -1	       1	       0	      -1	       0	       0	       0	       1	      -1	       0	       0	      -1	       1	      -1	      -1	       1	       1	       1	      -1	      -1	       1	      -1	      -1	       1	       0	      -1	       1	       1	       1	      -1	       0	       0	       1	       1	       0	       0	       1	       1	       0	       0	       1	       0	       0	       1	       1	       1	      -1	      -1	       1	       1	       1	      -1	       1	       1	       0	       0	       0	       1	       0	       0	      -1	      -1	       1	      -1	       1	      -1	       0	       1	       1	       0	      -1	       1	       0	      -1	       1	       1	      -1	       0	       1	       0	       1	      -1	       0	      -1	       1	      -1	      -1	       0	       1	      -1	       0	       0	      -1	       0	       1	       0	       0	      -1	      -1	      -1	       1	       1	       1	       0	      -1	       1	      -1	       0	      -1	      -1	       1	      -1	       1	      -1	       0	       1	       0	      -1	      -1	       0	      -1	      -1	       1	       0	       1	      -1	      -1	       1	      -1	       0	       0	      -1	       1	       0	       1	       0	       1	       0	       1	       0	       1	       0	      -1	      -1	      -1	       1	      -1	      -1	       0	      -1	      -1	      -1	      -1	       1	       1	       0	      -1	       1	       0	      -1	       1	       0	       0	      -1	
prob 1     0.34	    0.34	    0.35	    0.34	    0.34	    0.35	    0.35	    0.35	    0.34	    0.35	    0.35	    0.34	    0.34	    0.34	    0.34	    0.34	    0.35	    0.35	    0.34	    0.35	    0.34	    0.36	    0.35	    0.34	    0.34	    0.35	    0.34	    0.34	    0.35	    0.34	    0.35	    0.35	    0.35	    0.34	    0.34	    0.34	    0.35	    0.33	    0.34	    0.34	    0.35	    0.34	    0.34	    0.34	    0.34	    0.34	    0.34	    0.34	    0.34	    0.34	    0.34	    0.35	    0.35	    0.36	    0.35	    0.34	    0.34	    0.34	    0.34	    0.34	    0.34	    0.35	    0.34	    0.34	    0.34	    0.35	    0.35	    0.34	    0.34	    0.33	    0.35	    0.34	    0.35	    0.35	    0.35	    0.36	    0.34	    0.35	    0.34	    0.34	    0.35	    0.34	    0.35	    0.34	    0.34	    0.34	    0.35	    0.34	    0.34	    0.36	    0.34	    0.35	    0.34	    0.35	    0.34	    0.34	    0.35	    0.34	    0.35	    0.34	    0.34	    0.35	    0.34	    0.34	    0.34	    0.35	    0.34	    0.35	    0.34	    0.34	    0.35	    0.35	    0.34	    0.34	    0.35	    0.34	    0.35	    0.34	    0.34	    0.35	    0.34	    0.34	    0.35	    0.36	    0.35	    0.35	    0.35	    0.36	    0.34	    0.34	    0.35	    0.34	    0.35	    0.35	    0.35	    0.34	    0.35	    0.35	    0.34	    0.34	    0.34	    0.34	    0.35	    0.35	    0.34	    0.35	    0.34	    0.35	    0.35	    0.34	    0.34	    0.35	    0.34	    0.34	    0.34	    0.34	    0.35	    0.35	    0.35	    0.34	    0.34	    0.35	    0.35	    0.35	    0.34	    0.34	    0.35	    0.34	    0.35	    0.34	    0.35	    0.34	    0.34	    0.35	    0.34	    0.34	    0.34	    0.34	    0.34	    0.34	    0.34	    0.35	    0.36	    0.35	    0.35	    0.35	    0.35	    0.34	    0.34	    0.34	    0.34	    0.34	    0.34	    0.35	    0.35	    0.34	    0.35	    0.35	    0.34	    0.34	    0.34	    0.35	    0.34	    0.35	    0.34	    0.34	    0.35	    0.34	    0.35	    0.34	    0.36	    0.34	    0.34	    0.34	    0.34	    0.34	    0.34	    0.35	    0.34	    0.34	    0.34	    0.34	    0.34	    0.34	    0.34	    0.34	    0.35	    0.35	    0.34	    0.33	    0.35	    0.33	    0.34	    0.34	    0.34	    0.34	    0.34	    0.34	    0.34	    0.35	    0.36	
test 1        0	      -1	       0	       0	       1	       0	       0	       0	       1	       1	       1	       0	       0	       0	       0	       0	       1	       0	       1	       0	       0	       0	       0	      -1	      -1	       0	       0	       0	      -1	       0	       1	       0	       0	       0	       0	       1	       1	      -1	       0	       0	       0	       1	       0	       0	       0	       0	       0	       0	       0	       0	       0	       1	       1	       0	       0	       0	      -1	      -1	       0	       0	       0	       0	       1	       0	       1	       0	       0	       0	       0	       0	       0	       0	       1	       0	       1	       0	       0	       0	       0	       0	       0	      -1	       1	       0	       0	       1	       0	       0	       0	       0	       0	       0	       0	       0	       0	       0	       0	       0	       0	       0	       0	       0	       0	       0	       0	       0	       0	       0	       0	       0	       0	       0	       0	       0	       0	       0	       0	       0	       0	       0	       0	       1	       0	       0	       0	       0	       1	       1	       0	       0	       0	       0	       1	       0	       0	      -1	       0	       0	       0	       1	       1	       0	       0	       0	      -1	       0	       0	       0	      -1	       0	       0	       0	       0	       0	       0	       0	       0	       1	       0	       0	       0	       0	       0	       0	       0	       0	       0	       0	       0	       0	       0	       0	       0	       0	       0	       0	       1	       0	       0	       0	       0	       1	       0	       0	       0	       0	       0	       1	       0	       0	      -1	       0	       0	       0	       0	       0	       0	       0	       1	       1	       1	       1	       0	       0	       1	       1	       1	       0	       1	       0	       0	       1	       1	       0	       0	       0	       0	       0	       0	       0	      -1	       0	       0	       0	       0	       1	       0	       1	       1	       0	       1	       1	       1	       0	       0	       0	       0	      -1	       1	       0	       0	
------
confusion matrix:
[[ 11   6   7]
 [145 111 116]
 [ 20  29  37]]
macro f1: 0.2797948122338367
micro f1: 0.32987551867219916
weighted f1: 0.14435088634490967
class -1 f1: 0.11
class  0 f1: 0.42857142857142855
class  1 f1: 0.3008130081300813
average label-wise acc: 32.99%


after pretrain
--------------------
label        0	       1	       2	       3	       4	       5	       6	       7	       8	       9	      10	      11	      12	      13	      14	      15	      16	      17	      18	      19	      20	      21	      22	      23	      24	      25	      26	      27	      28	      29	      30	      31	      32	      33	      34	      35	      36	      37	      38	      39	      40	      41	      42	      43	      44	      45	      46	      47	      48	      49	      50	      51	      52	      53	      54	      55	      56	      57	      58	      59	      60	      61	      62	      63	      64	      65	      66	      67	      68	      69	      70	      71	      72	      73	      74	      75	      76	      77	      78	      79	      80	      81	      82	      83	      84	      85	      86	      87	      88	      89	      90	      91	      92	      93	      94	      95	      96	      97	      98	      99	     100	     101	     102	     103	     104	     105	     106	     107	     108	     109	     110	     111	     112	     113	     114	     115	     116	     117	     118	     119	     120	     121	     122	     123	     124	     125	     126	     127	     128	     129	     130	     131	     132	     133	     134	     135	     136	     137	     138	     139	     140	     141	     142	     143	     144	     145	     146	     147	     148	     149	     150	     151	     152	     153	     154	     155	     156	     157	     158	     159	     160	     161	     162	     163	     164	     165	     166	     167	     168	     169	     170	     171	     172	     173	     174	     175	     176	     177	     178	     179	     180	     181	     182	     183	     184	     185	     186	     187	     188	     189	     190	     191	     192	     193	     194	     195	     196	     197	     198	     199	     200	     201	     202	     203	     204	     205	     206	     207	     208	     209	     210	     211	     212	     213	     214	     215	     216	     217	     218	     219	     220	     221	     222	     223	     224	     225	     226	     227	     228	     229	     230	     231	     232	     233	     234	     235	     236	     237	     238	     239	     240	
   acc  100.00%	   0.00%	 100.00%	 100.00%	   0.00%	 100.00%	 100.00%	  50.00%	   0.00%	   0.00%	   0.00%	 100.00%	 100.00%	 100.00%	 100.00%	 100.00%	   0.00%	 100.00%	   0.00%	 100.00%	 100.00%	 100.00%	 100.00%	   0.00%	   0.00%	 100.00%	 100.00%	 100.00%	  50.00%	 100.00%	   0.00%	 100.00%	 100.00%	 100.00%	 100.00%	  50.00%	   0.00%	 100.00%	 100.00%	 100.00%	 100.00%	   0.00%	 100.00%	 100.00%	 100.00%	 100.00%	 100.00%	 100.00%	 100.00%	  50.00%	 100.00%	   0.00%	   0.00%	 100.00%	 100.00%	 100.00%	 100.00%	   0.00%	 100.00%	 100.00%	 100.00%	 100.00%	   0.00%	 100.00%	   0.00%	 100.00%	 100.00%	 100.00%	 100.00%	 100.00%	 100.00%	 100.00%	  50.00%	 100.00%	   0.00%	 100.00%	 100.00%	 100.00%	 100.00%	 100.00%	 100.00%	 100.00%	  50.00%	 100.00%	 100.00%	  50.00%	 100.00%	 100.00%	 100.00%	 100.00%	 100.00%	 100.00%	 100.00%	 100.00%	 100.00%	 100.00%	 100.00%	 100.00%	 100.00%	 100.00%	 100.00%	 100.00%	 100.00%	 100.00%	 100.00%	 100.00%	 100.00%	 100.00%	 100.00%	 100.00%	 100.00%	 100.00%	 100.00%	 100.00%	 100.00%	 100.00%	 100.00%	 100.00%	 100.00%	 100.00%	 100.00%	   0.00%	 100.00%	 100.00%	 100.00%	 100.00%	   0.00%	 100.00%	 100.00%	 100.00%	 100.00%	 100.00%	  50.00%	  50.00%	 100.00%	   0.00%	 100.00%	 100.00%	 100.00%	   0.00%	 100.00%	 100.00%	 100.00%	 100.00%	  50.00%	 100.00%	 100.00%	 100.00%	  50.00%	 100.00%	 100.00%	 100.00%	 100.00%	 100.00%	 100.00%	 100.00%	 100.00%	   0.00%	 100.00%	 100.00%	 100.00%	 100.00%	 100.00%	 100.00%	 100.00%	 100.00%	 100.00%	 100.00%	 100.00%	 100.00%	 100.00%	 100.00%	 100.00%	 100.00%	 100.00%	 100.00%	 100.00%	  50.00%	 100.00%	 100.00%	 100.00%	   0.00%	 100.00%	 100.00%	 100.00%	 100.00%	 100.00%	   0.00%	 100.00%	 100.00%	 100.00%	 100.00%	 100.00%	 100.00%	 100.00%	 100.00%	 100.00%	 100.00%	 100.00%	 100.00%	   0.00%	   0.00%	 100.00%	 100.00%	   0.00%	   0.00%	   0.00%	 100.00%	   0.00%	 100.00%	 100.00%	   0.00%	   0.00%	 100.00%	 100.00%	 100.00%	 100.00%	 100.00%	 100.00%	 100.00%	  50.00%	 100.00%	 100.00%	 100.00%	 100.00%	  50.00%	 100.00%	 100.00%	   0.00%	 100.00%	  50.00%	   0.00%	  50.00%	 100.00%	 100.00%	 100.00%	 100.00%	 100.00%	   0.00%	 100.00%	 100.00%	
    f1   1.0000	  0.0000	  1.0000	  1.0000	  0.0000	  1.0000	  1.0000	  0.3333	  0.0000	  0.0000	  0.0000	  1.0000	  1.0000	  1.0000	  1.0000	  1.0000	  0.0000	  1.0000	  0.0000	  1.0000	  1.0000	  1.0000	  1.0000	  0.0000	  0.0000	  1.0000	  1.0000	  1.0000	  0.3333	  1.0000	  0.0000	  1.0000	  1.0000	  1.0000	  1.0000	  0.3333	  0.0000	  1.0000	  1.0000	  1.0000	  1.0000	  0.0000	  1.0000	  1.0000	  1.0000	  1.0000	  1.0000	  1.0000	  1.0000	  0.3333	  1.0000	  0.0000	  0.0000	  1.0000	  1.0000	  1.0000	  1.0000	  0.0000	  1.0000	  1.0000	  1.0000	  1.0000	  0.0000	  1.0000	  0.0000	  1.0000	  1.0000	  1.0000	  1.0000	  1.0000	  1.0000	  1.0000	  0.3333	  1.0000	  0.0000	  1.0000	  1.0000	  1.0000	  1.0000	  1.0000	  1.0000	  1.0000	  0.3333	  1.0000	  1.0000	  0.3333	  1.0000	  1.0000	  1.0000	  1.0000	  1.0000	  1.0000	  1.0000	  1.0000	  1.0000	  1.0000	  1.0000	  1.0000	  1.0000	  1.0000	  1.0000	  1.0000	  1.0000	  1.0000	  1.0000	  1.0000	  1.0000	  1.0000	  1.0000	  1.0000	  1.0000	  1.0000	  1.0000	  1.0000	  1.0000	  1.0000	  1.0000	  1.0000	  1.0000	  1.0000	  1.0000	  0.0000	  1.0000	  1.0000	  1.0000	  1.0000	  0.0000	  1.0000	  1.0000	  1.0000	  1.0000	  1.0000	  0.3333	  0.3333	  1.0000	  0.0000	  1.0000	  1.0000	  1.0000	  0.0000	  1.0000	  1.0000	  1.0000	  1.0000	  0.3333	  1.0000	  1.0000	  1.0000	  0.3333	  1.0000	  1.0000	  1.0000	  1.0000	  1.0000	  1.0000	  1.0000	  1.0000	  0.0000	  1.0000	  1.0000	  1.0000	  1.0000	  1.0000	  1.0000	  1.0000	  1.0000	  1.0000	  1.0000	  1.0000	  1.0000	  1.0000	  1.0000	  1.0000	  1.0000	  1.0000	  1.0000	  1.0000	  0.3333	  1.0000	  1.0000	  1.0000	  0.0000	  1.0000	  1.0000	  1.0000	  1.0000	  1.0000	  0.0000	  1.0000	  1.0000	  1.0000	  1.0000	  1.0000	  1.0000	  1.0000	  1.0000	  1.0000	  1.0000	  1.0000	  1.0000	  0.0000	  0.0000	  1.0000	  1.0000	  0.0000	  0.0000	  0.0000	  1.0000	  0.0000	  1.0000	  1.0000	  0.0000	  0.0000	  1.0000	  1.0000	  1.0000	  1.0000	  1.0000	  1.0000	  1.0000	  0.3333	  1.0000	  1.0000	  1.0000	  1.0000	  0.3333	  1.0000	  1.0000	  0.0000	  1.0000	  0.3333	  0.0000	  0.3333	  1.0000	  1.0000	  1.0000	  1.0000	  1.0000	  0.0000	  1.0000	  1.0000	
pred 0        0	       0	       0	       0	       0	       0	       0	       0	       0	       0	       0	       0	       0	       0	       0	       0	       0	       0	       0	       0	       0	       0	       0	       0	       0	       0	       0	       0	       0	       0	       0	       0	       0	       0	       0	       0	       0	      -1	       0	       0	       0	       0	       0	       0	       0	       0	       0	       0	       0	       0	       0	       0	       0	       0	       0	       0	      -1	       0	       0	       0	       0	       0	       0	       0	       0	       0	       0	       0	       0	       0	       0	       0	       0	       0	       0	       0	       0	       0	       0	       0	       0	      -1	       0	       0	       0	       0	       0	       0	       0	       0	       0	       0	       0	       0	       0	       0	       0	       0	       0	       0	       0	       0	       0	       0	       0	       0	       0	       0	       0	       0	       0	       0	       0	       0	       0	       0	       0	       0	       0	       0	       0	       0	       0	       0	       0	       0	       0	       1	       0	       0	       0	       0	       0	       0	       0	       0	       0	       0	       0	       0	       1	       0	       0	       0	       0	       0	       0	       0	       0	       0	       0	       0	       0	       0	       0	       0	       0	       0	       0	       0	       0	       0	       0	       0	       0	       0	       0	       0	       0	       0	       0	       0	       0	       0	       0	       0	       1	       0	       0	       0	       0	       0	       0	       0	       0	       0	       0	       0	       0	       0	      -1	       0	       0	       0	       0	       0	       0	       0	       1	       1	       0	       0	       0	       0	       0	       0	       0	       0	       0	       0	       0	       0	       0	       0	       0	       0	       0	       0	       0	       0	       0	       0	       0	       0	       0	       0	       0	       1	       0	       0	       0	       0	       0	       0	       0	       0	       0	      -1	       0	       0	       0	
prob 0     0.80	    0.63	    0.82	    0.88	    0.94	    0.60	    0.76	    0.92	    0.54	    0.48	    0.62	    0.75	    0.94	    0.74	    0.64	    0.83	    0.59	    0.65	    0.63	    0.89	    0.82	    0.93	    0.76	    0.51	    0.47	    0.81	    0.64	    0.86	    0.81	    0.98	    0.50	    0.58	    0.82	    0.95	    0.87	    0.82	    0.59	    0.52	    0.84	    0.59	    0.70	    0.79	    0.94	    0.74	    0.83	    0.88	    0.85	    0.64	    0.77	    0.58	    0.87	    0.51	    0.75	    0.68	    0.88	    0.90	    0.49	    0.55	    0.92	    0.85	    0.61	    0.89	    0.58	    0.85	    0.43	    0.82	    0.80	    0.87	    0.94	    0.78	    0.79	    0.73	    0.76	    0.84	    0.63	    0.77	    0.72	    0.92	    0.94	    0.62	    0.99	    0.45	    0.60	    0.98	    0.73	    0.38	    0.81	    0.89	    0.95	    0.79	    0.81	    0.79	    0.78	    0.91	    0.61	    0.69	    0.64	    0.75	    0.93	    0.83	    0.85	    0.89	    0.84	    0.77	    0.71	    0.96	    0.85	    0.92	    0.74	    0.93	    0.91	    0.76	    0.98	    0.96	    0.82	    0.82	    0.91	    0.81	    0.75	    0.89	    0.88	    0.56	    0.47	    0.79	    0.78	    0.90	    0.53	    0.51	    0.48	    0.90	    0.88	    0.82	    0.87	    0.76	    0.79	    0.43	    0.80	    0.72	    0.87	    0.56	    0.53	    0.78	    0.58	    0.84	    0.48	    0.83	    0.52	    0.45	    0.85	    0.86	    0.84	    0.75	    0.99	    0.92	    0.85	    0.85	    0.89	    0.73	    0.74	    0.82	    0.98	    0.75	    0.71	    0.54	    0.82	    0.81	    0.97	    0.89	    0.86	    0.55	    0.86	    0.86	    0.81	    0.94	    0.93	    0.78	    0.45	    0.43	    0.69	    0.88	    0.94	    0.72	    0.76	    0.53	    0.87	    0.86	    0.55	    0.52	    0.78	    0.96	    0.43	    0.92	    0.61	    0.94	    0.80	    0.89	    0.73	    0.69	    0.48	    0.53	    0.57	    0.59	    0.78	    0.96	    0.84	    0.81	    0.93	    0.97	    0.41	    0.86	    0.65	    0.79	    0.44	    0.87	    0.54	    0.97	    0.87	    0.53	    0.99	    0.98	    0.55	    0.81	    0.86	    0.84	    0.51	    0.85	    0.79	    0.43	    0.55	    0.88	    0.67	    0.52	    0.60	    0.51	    0.87	    0.82	    0.97	    0.43	    0.46	    0.83	    0.84	
test 0        0	      -1	       0	       0	       1	       0	       0	       1	       1	       1	       1	       0	       0	       0	       0	       0	       1	       0	       1	       0	       0	       0	       0	      -1	      -1	       0	       0	       0	       0	       0	       1	       0	       0	       0	       0	       0	       1	      -1	       0	       0	       0	       1	       0	       0	       0	       0	       0	       0	       0	       1	       0	       1	       1	       0	       0	       0	      -1	      -1	       0	       0	       0	       0	       1	       0	       1	       0	       0	       0	       0	       0	       0	       0	       0	       0	       1	       0	       0	       0	       0	       0	       0	      -1	       0	       0	       0	       0	       0	       0	       0	       0	       0	       0	       0	       0	       0	       0	       0	       0	       0	       0	       0	       0	       0	       0	       0	       0	       0	       0	       0	       0	       0	       0	       0	       0	       0	       0	       0	       0	       0	       0	       0	       1	       0	       0	       0	       0	       1	       1	       0	       0	       0	       0	       0	       1	       0	      -1	       0	       0	       0	       1	       1	       0	       0	       0	       0	       0	       0	       0	       0	       0	       0	       0	       0	       0	       0	       0	       0	       1	       0	       0	       0	       0	       0	       0	       0	       0	       0	       0	       0	       0	       0	       0	       0	       0	       0	       0	       1	       1	       0	       0	       0	       1	       0	       0	       0	       0	       0	       1	       0	       0	      -1	       0	       0	       0	       0	       0	       0	       0	       1	       1	       1	       1	       0	       0	       1	       1	       1	       0	       1	       0	       0	       1	       1	       0	       0	       0	       0	       0	       0	       0	       0	       0	       0	       0	       0	       0	       0	       1	       1	       0	       0	       1	       0	       0	       0	       0	       0	      -1	       1	       0	       0	
pred 1        0	       0	       0	       0	       0	       0	       0	       0	       0	       0	       0	       0	       0	       0	       0	       0	       0	       0	       0	       0	       0	       0	       0	       0	       0	       0	       0	       0	       0	       0	       0	       0	       0	       0	       0	       0	       0	      -1	       0	       0	       0	       0	       0	       0	       0	       0	       0	       0	       0	       0	       0	       0	       0	       0	       0	       0	      -1	       0	       0	       0	       0	       0	       0	       0	       0	       0	       0	       0	       0	       0	       0	       0	       0	       0	       0	       0	       0	       0	       0	       0	       0	      -1	       0	       0	       0	       0	       0	       0	       0	       0	       0	       0	       0	       0	       0	       0	       0	       0	       0	       0	       0	       0	       0	       0	       0	       0	       0	       0	       0	       0	       0	       0	       0	       0	       0	       0	       0	       0	       0	       0	       0	       0	       0	       0	       0	       0	       0	       1	       0	       0	       0	       0	       0	       0	       0	       0	       0	       0	       0	       0	       1	       0	       0	       0	       0	       0	       0	       0	       0	       0	       0	       0	       0	       0	       0	       0	       0	       0	       0	       0	       0	       0	       0	       0	       0	       0	       0	       0	       0	       0	       0	       0	       0	       0	       0	       0	       1	       0	       0	       0	       0	       0	       0	       0	       0	       0	       0	       0	       0	       0	      -1	       0	       0	       0	       0	       0	       0	       0	       1	       1	       0	       0	       0	       0	       0	       0	       0	       0	       0	       0	       0	       0	       0	       0	       0	       0	       0	       0	       0	       0	       0	       0	       0	       0	       0	       0	       0	       1	       0	       0	       0	       0	       0	       0	       0	       0	       0	      -1	       0	       0	       0	
prob 1     0.80	    0.63	    0.82	    0.88	    0.94	    0.60	    0.76	    0.92	    0.54	    0.48	    0.62	    0.75	    0.94	    0.74	    0.64	    0.83	    0.59	    0.65	    0.63	    0.89	    0.82	    0.93	    0.76	    0.51	    0.47	    0.81	    0.64	    0.86	    0.81	    0.98	    0.50	    0.58	    0.82	    0.95	    0.87	    0.82	    0.59	    0.52	    0.84	    0.59	    0.70	    0.79	    0.94	    0.74	    0.83	    0.88	    0.85	    0.64	    0.77	    0.58	    0.87	    0.51	    0.75	    0.68	    0.88	    0.90	    0.49	    0.55	    0.92	    0.85	    0.61	    0.89	    0.58	    0.85	    0.43	    0.82	    0.80	    0.87	    0.94	    0.78	    0.79	    0.73	    0.76	    0.84	    0.63	    0.77	    0.72	    0.92	    0.94	    0.62	    0.99	    0.45	    0.60	    0.98	    0.73	    0.38	    0.81	    0.89	    0.95	    0.79	    0.81	    0.79	    0.78	    0.91	    0.61	    0.69	    0.64	    0.75	    0.93	    0.83	    0.85	    0.89	    0.84	    0.77	    0.71	    0.96	    0.85	    0.92	    0.74	    0.93	    0.91	    0.76	    0.98	    0.96	    0.82	    0.82	    0.91	    0.81	    0.75	    0.89	    0.88	    0.56	    0.47	    0.79	    0.78	    0.90	    0.53	    0.51	    0.48	    0.90	    0.88	    0.82	    0.87	    0.76	    0.79	    0.43	    0.80	    0.72	    0.87	    0.56	    0.53	    0.78	    0.58	    0.84	    0.48	    0.83	    0.52	    0.45	    0.85	    0.86	    0.84	    0.75	    0.99	    0.92	    0.85	    0.85	    0.89	    0.73	    0.74	    0.82	    0.98	    0.75	    0.71	    0.54	    0.82	    0.81	    0.97	    0.89	    0.86	    0.55	    0.86	    0.86	    0.81	    0.94	    0.93	    0.78	    0.45	    0.43	    0.69	    0.88	    0.94	    0.72	    0.76	    0.53	    0.87	    0.86	    0.55	    0.52	    0.78	    0.96	    0.43	    0.92	    0.61	    0.94	    0.80	    0.89	    0.73	    0.69	    0.48	    0.53	    0.57	    0.59	    0.78	    0.96	    0.84	    0.81	    0.93	    0.97	    0.41	    0.86	    0.65	    0.79	    0.44	    0.87	    0.54	    0.97	    0.87	    0.53	    0.99	    0.98	    0.55	    0.81	    0.86	    0.84	    0.51	    0.85	    0.79	    0.43	    0.55	    0.88	    0.67	    0.52	    0.60	    0.51	    0.87	    0.82	    0.97	    0.43	    0.46	    0.83	    0.84	
test 1        0	      -1	       0	       0	       1	       0	       0	       0	       1	       1	       1	       0	       0	       0	       0	       0	       1	       0	       1	       0	       0	       0	       0	      -1	      -1	       0	       0	       0	      -1	       0	       1	       0	       0	       0	       0	       1	       1	      -1	       0	       0	       0	       1	       0	       0	       0	       0	       0	       0	       0	       0	       0	       1	       1	       0	       0	       0	      -1	      -1	       0	       0	       0	       0	       1	       0	       1	       0	       0	       0	       0	       0	       0	       0	       1	       0	       1	       0	       0	       0	       0	       0	       0	      -1	       1	       0	       0	       1	       0	       0	       0	       0	       0	       0	       0	       0	       0	       0	       0	       0	       0	       0	       0	       0	       0	       0	       0	       0	       0	       0	       0	       0	       0	       0	       0	       0	       0	       0	       0	       0	       0	       0	       0	       1	       0	       0	       0	       0	       1	       1	       0	       0	       0	       0	       1	       0	       0	      -1	       0	       0	       0	       1	       1	       0	       0	       0	      -1	       0	       0	       0	      -1	       0	       0	       0	       0	       0	       0	       0	       0	       1	       0	       0	       0	       0	       0	       0	       0	       0	       0	       0	       0	       0	       0	       0	       0	       0	       0	       0	       1	       0	       0	       0	       0	       1	       0	       0	       0	       0	       0	       1	       0	       0	      -1	       0	       0	       0	       0	       0	       0	       0	       1	       1	       1	       1	       0	       0	       1	       1	       1	       0	       1	       0	       0	       1	       1	       0	       0	       0	       0	       0	       0	       0	      -1	       0	       0	       0	       0	       1	       0	       1	       1	       0	       1	       1	       1	       0	       0	       0	       0	      -1	       1	       0	       0	
------
confusion matrix:
[[ 10  14   0]
 [  0 372   0]
 [  0  74  12]]
macro f1: 0.5757880075106966
micro f1: 0.8174273858921162
weighted f1: 0.4886765480041504
class -1 f1: 0.5882352941176471
class  0 f1: 0.8942307692307693
class  1 f1: 0.24489795918367346
average label-wise acc: 81.74%


ABL loop 1
--------------------
label        0	       1	       2	       3	       4	       5	       6	       7	       8	       9	      10	      11	      12	      13	      14	      15	      16	      17	      18	      19	      20	      21	      22	      23	      24	      25	      26	      27	      28	      29	      30	      31	      32	      33	      34	      35	      36	      37	      38	      39	      40	      41	      42	      43	      44	      45	      46	      47	      48	      49	      50	      51	      52	      53	      54	      55	      56	      57	      58	      59	      60	      61	      62	      63	      64	      65	      66	      67	      68	      69	      70	      71	      72	      73	      74	      75	      76	      77	      78	      79	      80	      81	      82	      83	      84	      85	      86	      87	      88	      89	      90	      91	      92	      93	      94	      95	      96	      97	      98	      99	     100	     101	     102	     103	     104	     105	     106	     107	     108	     109	     110	     111	     112	     113	     114	     115	     116	     117	     118	     119	     120	     121	     122	     123	     124	     125	     126	     127	     128	     129	     130	     131	     132	     133	     134	     135	     136	     137	     138	     139	     140	     141	     142	     143	     144	     145	     146	     147	     148	     149	     150	     151	     152	     153	     154	     155	     156	     157	     158	     159	     160	     161	     162	     163	     164	     165	     166	     167	     168	     169	     170	     171	     172	     173	     174	     175	     176	     177	     178	     179	     180	     181	     182	     183	     184	     185	     186	     187	     188	     189	     190	     191	     192	     193	     194	     195	     196	     197	     198	     199	     200	     201	     202	     203	     204	     205	     206	     207	     208	     209	     210	     211	     212	     213	     214	     215	     216	     217	     218	     219	     220	     221	     222	     223	     224	     225	     226	     227	     228	     229	     230	     231	     232	     233	     234	     235	     236	     237	     238	     239	     240	
   acc    0.00%	   0.00%	 100.00%	 100.00%	   0.00%	   0.00%	 100.00%	  50.00%	   0.00%	 100.00%	   0.00%	 100.00%	 100.00%	 100.00%	 100.00%	   0.00%	   0.00%	 100.00%	   0.00%	 100.00%	 100.00%	 100.00%	 100.00%	   0.00%	   0.00%	 100.00%	 100.00%	   0.00%	  50.00%	 100.00%	   0.00%	 100.00%	 100.00%	 100.00%	 100.00%	  50.00%	   0.00%	 100.00%	 100.00%	 100.00%	 100.00%	   0.00%	   0.00%	 100.00%	 100.00%	 100.00%	 100.00%	 100.00%	 100.00%	  50.00%	 100.00%	   0.00%	   0.00%	 100.00%	   0.00%	   0.00%	 100.00%	   0.00%	 100.00%	   0.00%	 100.00%	   0.00%	   0.00%	 100.00%	   0.00%	 100.00%	 100.00%	   0.00%	 100.00%	 100.00%	 100.00%	 100.00%	  50.00%	   0.00%	   0.00%	 100.00%	 100.00%	 100.00%	 100.00%	 100.00%	 100.00%	 100.00%	  50.00%	 100.00%	 100.00%	  50.00%	   0.00%	 100.00%	 100.00%	 100.00%	 100.00%	 100.00%	   0.00%	 100.00%	   0.00%	 100.00%	 100.00%	 100.00%	 100.00%	 100.00%	 100.00%	 100.00%	 100.00%	 100.00%	 100.00%	 100.00%	 100.00%	 100.00%	   0.00%	 100.00%	 100.00%	 100.00%	 100.00%	 100.00%	 100.00%	 100.00%	 100.00%	 100.00%	   0.00%	 100.00%	 100.00%	   0.00%	   0.00%	 100.00%	 100.00%	 100.00%	   0.00%	 100.00%	   0.00%	 100.00%	 100.00%	   0.00%	   0.00%	  50.00%	 100.00%	   0.00%	 100.00%	 100.00%	   0.00%	   0.00%	 100.00%	   0.00%	 100.00%	 100.00%	  50.00%	 100.00%	 100.00%	 100.00%	  50.00%	 100.00%	 100.00%	 100.00%	 100.00%	 100.00%	 100.00%	 100.00%	 100.00%	   0.00%	 100.00%	 100.00%	 100.00%	 100.00%	 100.00%	   0.00%	 100.00%	 100.00%	   0.00%	 100.00%	 100.00%	   0.00%	 100.00%	 100.00%	 100.00%	 100.00%	 100.00%	 100.00%	 100.00%	  50.00%	 100.00%	 100.00%	 100.00%	   0.00%	 100.00%	 100.00%	 100.00%	 100.00%	   0.00%	   0.00%	 100.00%	 100.00%	 100.00%	 100.00%	 100.00%	 100.00%	 100.00%	 100.00%	 100.00%	 100.00%	 100.00%	 100.00%	   0.00%	   0.00%	 100.00%	 100.00%	   0.00%	   0.00%	   0.00%	 100.00%	   0.00%	 100.00%	   0.00%	   0.00%	   0.00%	 100.00%	 100.00%	 100.00%	 100.00%	   0.00%	 100.00%	 100.00%	  50.00%	 100.00%	 100.00%	 100.00%	 100.00%	  50.00%	 100.00%	 100.00%	   0.00%	   0.00%	  50.00%	   0.00%	  50.00%	   0.00%	 100.00%	 100.00%	 100.00%	 100.00%	   0.00%	 100.00%	 100.00%	
    f1   0.0000	  0.0000	  1.0000	  1.0000	  0.0000	  0.0000	  1.0000	  0.3333	  0.0000	  1.0000	  0.0000	  1.0000	  1.0000	  1.0000	  1.0000	  0.0000	  0.0000	  1.0000	  0.0000	  1.0000	  1.0000	  1.0000	  1.0000	  0.0000	  0.0000	  1.0000	  1.0000	  0.0000	  0.3333	  1.0000	  0.0000	  1.0000	  1.0000	  1.0000	  1.0000	  0.3333	  0.0000	  1.0000	  1.0000	  1.0000	  1.0000	  0.0000	  0.0000	  1.0000	  1.0000	  1.0000	  1.0000	  1.0000	  1.0000	  0.3333	  1.0000	  0.0000	  0.0000	  1.0000	  0.0000	  0.0000	  1.0000	  0.0000	  1.0000	  0.0000	  1.0000	  0.0000	  0.0000	  1.0000	  0.0000	  1.0000	  1.0000	  0.0000	  1.0000	  1.0000	  1.0000	  1.0000	  0.3333	  0.0000	  0.0000	  1.0000	  1.0000	  1.0000	  1.0000	  1.0000	  1.0000	  1.0000	  0.3333	  1.0000	  1.0000	  0.3333	  0.0000	  1.0000	  1.0000	  1.0000	  1.0000	  1.0000	  0.0000	  1.0000	  0.0000	  1.0000	  1.0000	  1.0000	  1.0000	  1.0000	  1.0000	  1.0000	  1.0000	  1.0000	  1.0000	  1.0000	  1.0000	  1.0000	  0.0000	  1.0000	  1.0000	  1.0000	  1.0000	  1.0000	  1.0000	  1.0000	  1.0000	  1.0000	  0.0000	  1.0000	  1.0000	  0.0000	  0.0000	  1.0000	  1.0000	  1.0000	  0.0000	  1.0000	  0.0000	  1.0000	  1.0000	  0.0000	  0.0000	  0.3333	  1.0000	  0.0000	  1.0000	  1.0000	  0.0000	  0.0000	  1.0000	  0.0000	  1.0000	  1.0000	  0.3333	  1.0000	  1.0000	  1.0000	  0.3333	  1.0000	  1.0000	  1.0000	  1.0000	  1.0000	  1.0000	  1.0000	  1.0000	  0.0000	  1.0000	  1.0000	  1.0000	  1.0000	  1.0000	  0.0000	  1.0000	  1.0000	  0.0000	  1.0000	  1.0000	  0.0000	  1.0000	  1.0000	  1.0000	  1.0000	  1.0000	  1.0000	  1.0000	  0.3333	  1.0000	  1.0000	  1.0000	  0.0000	  1.0000	  1.0000	  1.0000	  1.0000	  0.0000	  0.0000	  1.0000	  1.0000	  1.0000	  1.0000	  1.0000	  1.0000	  1.0000	  1.0000	  1.0000	  1.0000	  1.0000	  1.0000	  0.0000	  0.0000	  1.0000	  1.0000	  0.0000	  0.0000	  0.0000	  1.0000	  0.0000	  1.0000	  0.0000	  0.0000	  0.0000	  1.0000	  1.0000	  1.0000	  1.0000	  0.0000	  1.0000	  1.0000	  0.3333	  1.0000	  1.0000	  1.0000	  1.0000	  0.3333	  1.0000	  1.0000	  0.0000	  0.0000	  0.3333	  0.0000	  0.3333	  0.0000	  1.0000	  1.0000	  1.0000	  1.0000	  0.0000	  1.0000	  1.0000	
pred 0       -1	       0	       0	       0	       0	       1	       0	       0	       0	       1	       0	       0	       0	       0	       0	       1	       0	       0	       0	       0	       0	       0	       0	       0	       0	       0	       0	      -1	      -1	       0	       0	       0	       0	       0	       0	       0	       0	      -1	       0	       0	       0	       0	      -1	       0	       0	       0	       0	       0	       0	       0	       0	      -1	       0	       0	      -1	       1	      -1	       0	       0	       1	       0	       1	       0	       0	       0	       0	       0	       1	       0	       0	       0	       0	       0	       1	      -1	       0	       0	       0	       0	       0	       0	      -1	       0	       0	       0	       0	      -1	       0	       0	       0	       0	       0	      -1	       0	      -1	       0	       0	       0	       0	       0	       0	       0	       0	       0	       0	       0	       0	       0	      -1	       0	       0	       0	       0	       0	       0	       0	       0	       0	      -1	       0	       0	       0	       1	       0	       0	       0	       0	       1	       1	       0	       0	      -1	      -1	       0	       0	       0	       0	       0	       1	       0	       1	       1	       0	       0	       0	       0	       0	       0	       0	       0	       0	       0	       0	       0	       0	       0	       0	       0	       0	       0	       0	       0	       0	       1	       0	       0	       1	       0	       0	       1	       0	       0	       0	       0	       0	       0	       1	       0	       0	       0	       0	       0	       0	       0	       0	       0	      -1	       0	       0	       0	      -1	       0	       0	       0	       0	       0	       0	       0	       1	       1	       0	       0	       0	       0	       0	      -1	       0	       0	       0	       0	       1	       0	       0	       0	       0	       0	       0	       1	       0	       0	       0	       0	       0	       0	       0	       1	       0	       1	       0	      -1	       0	       0	       0	       1	       0	       0	       0	      -1	       0	       0	       0	
prob 0     1.00	    1.00	    1.00	    1.00	    1.00	    1.00	    1.00	    1.00	    1.00	    0.64	    1.00	    1.00	    1.00	    1.00	    1.00	    1.00	    1.00	    1.00	    1.00	    1.00	    1.00	    1.00	    1.00	    1.00	    1.00	    1.00	    1.00	    1.00	    1.00	    1.00	    0.83	    1.00	    1.00	    1.00	    1.00	    1.00	    1.00	    1.00	    1.00	    1.00	    1.00	    1.00	    1.00	    1.00	    1.00	    1.00	    1.00	    1.00	    1.00	    1.00	    1.00	    1.00	    1.00	    1.00	    1.00	    1.00	    1.00	    1.00	    1.00	    1.00	    1.00	    1.00	    1.00	    1.00	    1.00	    1.00	    1.00	    1.00	    1.00	    1.00	    1.00	    1.00	    1.00	    1.00	    1.00	    1.00	    1.00	    1.00	    1.00	    1.00	    1.00	    1.00	    1.00	    1.00	    1.00	    1.00	    1.00	    1.00	    1.00	    1.00	    1.00	    1.00	    1.00	    1.00	    1.00	    1.00	    1.00	    1.00	    1.00	    1.00	    1.00	    1.00	    1.00	    1.00	    1.00	    1.00	    1.00	    1.00	    1.00	    1.00	    1.00	    1.00	    1.00	    1.00	    1.00	    1.00	    1.00	    1.00	    1.00	    1.00	    1.00	    1.00	    1.00	    1.00	    1.00	    1.00	    1.00	    1.00	    1.00	    1.00	    1.00	    1.00	    1.00	    1.00	    1.00	    1.00	    1.00	    1.00	    1.00	    1.00	    1.00	    1.00	    1.00	    1.00	    1.00	    1.00	    1.00	    1.00	    1.00	    1.00	    1.00	    1.00	    1.00	    1.00	    1.00	    1.00	    1.00	    1.00	    1.00	    1.00	    1.00	    1.00	    1.00	    1.00	    1.00	    1.00	    1.00	    1.00	    1.00	    1.00	    1.00	    1.00	    1.00	    1.00	    1.00	    1.00	    1.00	    1.00	    1.00	    1.00	    1.00	    1.00	    1.00	    1.00	    1.00	    1.00	    1.00	    1.00	    1.00	    1.00	    1.00	    1.00	    1.00	    1.00	    1.00	    1.00	    1.00	    1.00	    1.00	    1.00	    1.00	    1.00	    1.00	    1.00	    1.00	    1.00	    1.00	    1.00	    1.00	    1.00	    1.00	    1.00	    1.00	    1.00	    1.00	    1.00	    1.00	    1.00	    1.00	    1.00	    1.00	    1.00	    1.00	    1.00	    1.00	    1.00	    1.00	    1.00	    1.00	    1.00	    1.00	    1.00	    1.00	    1.00	    1.00	    1.00	    1.00	    1.00	    1.00	    1.00	    1.00	
test 0        0	      -1	       0	       0	       1	       0	       0	       1	       1	       1	       1	       0	       0	       0	       0	       0	       1	       0	       1	       0	       0	       0	       0	      -1	      -1	       0	       0	       0	       0	       0	       1	       0	       0	       0	       0	       0	       1	      -1	       0	       0	       0	       1	       0	       0	       0	       0	       0	       0	       0	       1	       0	       1	       1	       0	       0	       0	      -1	      -1	       0	       0	       0	       0	       1	       0	       1	       0	       0	       0	       0	       0	       0	       0	       0	       0	       1	       0	       0	       0	       0	       0	       0	      -1	       0	       0	       0	       0	       0	       0	       0	       0	       0	       0	       0	       0	       0	       0	       0	       0	       0	       0	       0	       0	       0	       0	       0	       0	       0	       0	       0	       0	       0	       0	       0	       0	       0	       0	       0	       0	       0	       0	       0	       1	       0	       0	       0	       0	       1	       1	       0	       0	       0	       0	       0	       1	       0	      -1	       0	       0	       0	       1	       1	       0	       0	       0	       0	       0	       0	       0	       0	       0	       0	       0	       0	       0	       0	       0	       0	       1	       0	       0	       0	       0	       0	       0	       0	       0	       0	       0	       0	       0	       0	       0	       0	       0	       0	       0	       1	       1	       0	       0	       0	       1	       0	       0	       0	       0	       0	       1	       0	       0	      -1	       0	       0	       0	       0	       0	       0	       0	       1	       1	       1	       1	       0	       0	       1	       1	       1	       0	       1	       0	       0	       1	       1	       0	       0	       0	       0	       0	       0	       0	       0	       0	       0	       0	       0	       0	       0	       1	       1	       0	       0	       1	       0	       0	       0	       0	       0	      -1	       1	       0	       0	
pred 1       -1	       0	       0	       0	       0	       1	       0	       0	       0	       1	       0	       0	       0	       0	       0	       1	       0	       0	       0	       0	       0	       0	       0	       0	       0	       0	       0	      -1	      -1	       0	       0	       0	       0	       0	       0	       0	       0	      -1	       0	       0	       0	       0	      -1	       0	       0	       0	       0	       0	       0	       0	       0	      -1	       0	       0	      -1	       1	      -1	       0	       0	       1	       0	       1	       0	       0	       0	       0	       0	       1	       0	       0	       0	       0	       0	       1	      -1	       0	       0	       0	       0	       0	       0	      -1	       0	       0	       0	       0	      -1	       0	       0	       0	       0	       0	      -1	       0	      -1	       0	       0	       0	       0	       0	       0	       0	       0	       0	       0	       0	       0	       0	      -1	       0	       0	       0	       0	       0	       0	       0	       0	       0	      -1	       0	       0	       0	       1	       0	       0	       0	       0	       1	       1	       0	       0	      -1	      -1	       0	       0	       0	       0	       0	       1	       0	       1	       1	       0	       0	       0	       0	       0	       0	       0	       0	       0	       0	       0	       0	       0	       0	       0	       0	       0	       0	       0	       0	       0	       1	       0	       0	       1	       0	       0	       1	       0	       0	       0	       0	       0	       0	       1	       0	       0	       0	       0	       0	       0	       0	       0	       0	      -1	       0	       0	       0	      -1	       0	       0	       0	       0	       0	       0	       0	       1	       1	       0	       0	       0	       0	       0	      -1	       0	       0	       0	       0	       1	       0	       0	       0	       0	       0	       0	       1	       0	       0	       0	       0	       0	       0	       0	       1	       0	       1	       0	      -1	       0	       0	       0	       1	       0	       0	       0	      -1	       0	       0	       0	
prob 1     1.00	    1.00	    1.00	    1.00	    1.00	    1.00	    1.00	    1.00	    1.00	    0.64	    1.00	    1.00	    1.00	    1.00	    1.00	    1.00	    1.00	    1.00	    1.00	    1.00	    1.00	    1.00	    1.00	    1.00	    1.00	    1.00	    1.00	    1.00	    1.00	    1.00	    0.83	    1.00	    1.00	    1.00	    1.00	    1.00	    1.00	    1.00	    1.00	    1.00	    1.00	    1.00	    1.00	    1.00	    1.00	    1.00	    1.00	    1.00	    1.00	    1.00	    1.00	    1.00	    1.00	    1.00	    1.00	    1.00	    1.00	    1.00	    1.00	    1.00	    1.00	    1.00	    1.00	    1.00	    1.00	    1.00	    1.00	    1.00	    1.00	    1.00	    1.00	    1.00	    1.00	    1.00	    1.00	    1.00	    1.00	    1.00	    1.00	    1.00	    1.00	    1.00	    1.00	    1.00	    1.00	    1.00	    1.00	    1.00	    1.00	    1.00	    1.00	    1.00	    1.00	    1.00	    1.00	    1.00	    1.00	    1.00	    1.00	    1.00	    1.00	    1.00	    1.00	    1.00	    1.00	    1.00	    1.00	    1.00	    1.00	    1.00	    1.00	    1.00	    1.00	    1.00	    1.00	    1.00	    1.00	    1.00	    1.00	    1.00	    1.00	    1.00	    1.00	    1.00	    1.00	    1.00	    1.00	    1.00	    1.00	    1.00	    1.00	    1.00	    1.00	    1.00	    1.00	    1.00	    1.00	    1.00	    1.00	    1.00	    1.00	    1.00	    1.00	    1.00	    1.00	    1.00	    1.00	    1.00	    1.00	    1.00	    1.00	    1.00	    1.00	    1.00	    1.00	    1.00	    1.00	    1.00	    1.00	    1.00	    1.00	    1.00	    1.00	    1.00	    1.00	    1.00	    1.00	    1.00	    1.00	    1.00	    1.00	    1.00	    1.00	    1.00	    1.00	    1.00	    1.00	    1.00	    1.00	    1.00	    1.00	    1.00	    1.00	    1.00	    1.00	    1.00	    1.00	    1.00	    1.00	    1.00	    1.00	    1.00	    1.00	    1.00	    1.00	    1.00	    1.00	    1.00	    1.00	    1.00	    1.00	    1.00	    1.00	    1.00	    1.00	    1.00	    1.00	    1.00	    1.00	    1.00	    1.00	    1.00	    1.00	    1.00	    1.00	    1.00	    1.00	    1.00	    1.00	    1.00	    1.00	    1.00	    1.00	    1.00	    1.00	    1.00	    1.00	    1.00	    1.00	    1.00	    1.00	    1.00	    1.00	    1.00	    1.00	    1.00	    1.00	    1.00	    1.00	    1.00	    1.00	
test 1        0	      -1	       0	       0	       1	       0	       0	       0	       1	       1	       1	       0	       0	       0	       0	       0	       1	       0	       1	       0	       0	       0	       0	      -1	      -1	       0	       0	       0	      -1	       0	       1	       0	       0	       0	       0	       1	       1	      -1	       0	       0	       0	       1	       0	       0	       0	       0	       0	       0	       0	       0	       0	       1	       1	       0	       0	       0	      -1	      -1	       0	       0	       0	       0	       1	       0	       1	       0	       0	       0	       0	       0	       0	       0	       1	       0	       1	       0	       0	       0	       0	       0	       0	      -1	       1	       0	       0	       1	       0	       0	       0	       0	       0	       0	       0	       0	       0	       0	       0	       0	       0	       0	       0	       0	       0	       0	       0	       0	       0	       0	       0	       0	       0	       0	       0	       0	       0	       0	       0	       0	       0	       0	       0	       1	       0	       0	       0	       0	       1	       1	       0	       0	       0	       0	       1	       0	       0	      -1	       0	       0	       0	       1	       1	       0	       0	       0	      -1	       0	       0	       0	      -1	       0	       0	       0	       0	       0	       0	       0	       0	       1	       0	       0	       0	       0	       0	       0	       0	       0	       0	       0	       0	       0	       0	       0	       0	       0	       0	       0	       1	       0	       0	       0	       0	       1	       0	       0	       0	       0	       0	       1	       0	       0	      -1	       0	       0	       0	       0	       0	       0	       0	       1	       1	       1	       1	       0	       0	       1	       1	       1	       0	       1	       0	       0	       1	       1	       0	       0	       0	       0	       0	       0	       0	      -1	       0	       0	       0	       0	       1	       0	       1	       1	       0	       1	       1	       1	       0	       0	       0	       0	      -1	       1	       0	       0	
------
confusion matrix:
[[ 11  13   0]
 [ 26 311  35]
 [  7  64  15]]
macro f1: 0.4541795665634674
micro f1: 0.6991701244813278
weighted f1: 0.2866128087043762
class -1 f1: 0.3235294117647059
class  0 f1: 0.8184210526315789
class  1 f1: 0.22058823529411764
average label-wise acc: 69.92%


ABL loop 2
--------------------
label        0	       1	       2	       3	       4	       5	       6	       7	       8	       9	      10	      11	      12	      13	      14	      15	      16	      17	      18	      19	      20	      21	      22	      23	      24	      25	      26	      27	      28	      29	      30	      31	      32	      33	      34	      35	      36	      37	      38	      39	      40	      41	      42	      43	      44	      45	      46	      47	      48	      49	      50	      51	      52	      53	      54	      55	      56	      57	      58	      59	      60	      61	      62	      63	      64	      65	      66	      67	      68	      69	      70	      71	      72	      73	      74	      75	      76	      77	      78	      79	      80	      81	      82	      83	      84	      85	      86	      87	      88	      89	      90	      91	      92	      93	      94	      95	      96	      97	      98	      99	     100	     101	     102	     103	     104	     105	     106	     107	     108	     109	     110	     111	     112	     113	     114	     115	     116	     117	     118	     119	     120	     121	     122	     123	     124	     125	     126	     127	     128	     129	     130	     131	     132	     133	     134	     135	     136	     137	     138	     139	     140	     141	     142	     143	     144	     145	     146	     147	     148	     149	     150	     151	     152	     153	     154	     155	     156	     157	     158	     159	     160	     161	     162	     163	     164	     165	     166	     167	     168	     169	     170	     171	     172	     173	     174	     175	     176	     177	     178	     179	     180	     181	     182	     183	     184	     185	     186	     187	     188	     189	     190	     191	     192	     193	     194	     195	     196	     197	     198	     199	     200	     201	     202	     203	     204	     205	     206	     207	     208	     209	     210	     211	     212	     213	     214	     215	     216	     217	     218	     219	     220	     221	     222	     223	     224	     225	     226	     227	     228	     229	     230	     231	     232	     233	     234	     235	     236	     237	     238	     239	     240	
   acc    0.00%	   0.00%	 100.00%	 100.00%	   0.00%	   0.00%	 100.00%	  50.00%	 100.00%	 100.00%	   0.00%	 100.00%	 100.00%	 100.00%	 100.00%	   0.00%	   0.00%	 100.00%	   0.00%	 100.00%	 100.00%	 100.00%	 100.00%	   0.00%	   0.00%	 100.00%	 100.00%	   0.00%	  50.00%	 100.00%	   0.00%	 100.00%	 100.00%	 100.00%	 100.00%	  50.00%	   0.00%	 100.00%	 100.00%	 100.00%	 100.00%	   0.00%	   0.00%	 100.00%	 100.00%	 100.00%	 100.00%	 100.00%	 100.00%	  50.00%	 100.00%	   0.00%	   0.00%	 100.00%	 100.00%	   0.00%	 100.00%	   0.00%	 100.00%	 100.00%	 100.00%	   0.00%	   0.00%	 100.00%	   0.00%	 100.00%	 100.00%	   0.00%	 100.00%	   0.00%	 100.00%	 100.00%	  50.00%	 100.00%	   0.00%	 100.00%	 100.00%	 100.00%	 100.00%	 100.00%	 100.00%	 100.00%	  50.00%	   0.00%	 100.00%	  50.00%	 100.00%	 100.00%	 100.00%	 100.00%	 100.00%	 100.00%	 100.00%	 100.00%	 100.00%	   0.00%	 100.00%	 100.00%	 100.00%	 100.00%	 100.00%	 100.00%	 100.00%	 100.00%	 100.00%	 100.00%	 100.00%	 100.00%	 100.00%	 100.00%	 100.00%	 100.00%	 100.00%	 100.00%	 100.00%	 100.00%	 100.00%	 100.00%	   0.00%	 100.00%	 100.00%	   0.00%	 100.00%	 100.00%	 100.00%	 100.00%	   0.00%	 100.00%	   0.00%	 100.00%	 100.00%	 100.00%	   0.00%	  50.00%	 100.00%	   0.00%	 100.00%	 100.00%	 100.00%	   0.00%	 100.00%	 100.00%	 100.00%	 100.00%	  50.00%	 100.00%	 100.00%	 100.00%	  50.00%	 100.00%	 100.00%	 100.00%	 100.00%	 100.00%	 100.00%	 100.00%	 100.00%	   0.00%	 100.00%	 100.00%	 100.00%	   0.00%	 100.00%	 100.00%	 100.00%	 100.00%	 100.00%	 100.00%	 100.00%	 100.00%	 100.00%	 100.00%	 100.00%	 100.00%	 100.00%	 100.00%	 100.00%	  50.00%	 100.00%	 100.00%	 100.00%	   0.00%	   0.00%	 100.00%	 100.00%	 100.00%	 100.00%	   0.00%	   0.00%	 100.00%	 100.00%	 100.00%	 100.00%	 100.00%	 100.00%	 100.00%	 100.00%	 100.00%	   0.00%	 100.00%	   0.00%	   0.00%	 100.00%	 100.00%	   0.00%	   0.00%	 100.00%	   0.00%	   0.00%	 100.00%	 100.00%	   0.00%	   0.00%	 100.00%	 100.00%	 100.00%	 100.00%	   0.00%	 100.00%	 100.00%	  50.00%	 100.00%	 100.00%	 100.00%	 100.00%	  50.00%	   0.00%	 100.00%	 100.00%	 100.00%	  50.00%	   0.00%	  50.00%	 100.00%	   0.00%	 100.00%	 100.00%	 100.00%	   0.00%	 100.00%	 100.00%	
    f1   0.0000	  0.0000	  1.0000	  1.0000	  0.0000	  0.0000	  1.0000	  0.3333	  1.0000	  1.0000	  0.0000	  1.0000	  1.0000	  1.0000	  1.0000	  0.0000	  0.0000	  1.0000	  0.0000	  1.0000	  1.0000	  1.0000	  1.0000	  0.0000	  0.0000	  1.0000	  1.0000	  0.0000	  0.3333	  1.0000	  0.0000	  1.0000	  1.0000	  1.0000	  1.0000	  0.3333	  0.0000	  1.0000	  1.0000	  1.0000	  1.0000	  0.0000	  0.0000	  1.0000	  1.0000	  1.0000	  1.0000	  1.0000	  1.0000	  0.3333	  1.0000	  0.0000	  0.0000	  1.0000	  1.0000	  0.0000	  1.0000	  0.0000	  1.0000	  1.0000	  1.0000	  0.0000	  0.0000	  1.0000	  0.0000	  1.0000	  1.0000	  0.0000	  1.0000	  0.0000	  1.0000	  1.0000	  0.3333	  1.0000	  0.0000	  1.0000	  1.0000	  1.0000	  1.0000	  1.0000	  1.0000	  1.0000	  0.3333	  0.0000	  1.0000	  0.3333	  1.0000	  1.0000	  1.0000	  1.0000	  1.0000	  1.0000	  1.0000	  1.0000	  1.0000	  0.0000	  1.0000	  1.0000	  1.0000	  1.0000	  1.0000	  1.0000	  1.0000	  1.0000	  1.0000	  1.0000	  1.0000	  1.0000	  1.0000	  1.0000	  1.0000	  1.0000	  1.0000	  1.0000	  1.0000	  1.0000	  1.0000	  1.0000	  0.0000	  1.0000	  1.0000	  0.0000	  1.0000	  1.0000	  1.0000	  1.0000	  0.0000	  1.0000	  0.0000	  1.0000	  1.0000	  1.0000	  0.0000	  0.3333	  1.0000	  0.0000	  1.0000	  1.0000	  1.0000	  0.0000	  1.0000	  1.0000	  1.0000	  1.0000	  0.3333	  1.0000	  1.0000	  1.0000	  0.3333	  1.0000	  1.0000	  1.0000	  1.0000	  1.0000	  1.0000	  1.0000	  1.0000	  0.0000	  1.0000	  1.0000	  1.0000	  0.0000	  1.0000	  1.0000	  1.0000	  1.0000	  1.0000	  1.0000	  1.0000	  1.0000	  1.0000	  1.0000	  1.0000	  1.0000	  1.0000	  1.0000	  1.0000	  0.3333	  1.0000	  1.0000	  1.0000	  0.0000	  0.0000	  1.0000	  1.0000	  1.0000	  1.0000	  0.0000	  0.0000	  1.0000	  1.0000	  1.0000	  1.0000	  1.0000	  1.0000	  1.0000	  1.0000	  1.0000	  0.0000	  1.0000	  0.0000	  0.0000	  1.0000	  1.0000	  0.0000	  0.0000	  1.0000	  0.0000	  0.0000	  1.0000	  1.0000	  0.0000	  0.0000	  1.0000	  1.0000	  1.0000	  1.0000	  0.0000	  1.0000	  1.0000	  0.3333	  1.0000	  1.0000	  1.0000	  1.0000	  0.3333	  0.0000	  1.0000	  1.0000	  1.0000	  0.3333	  0.0000	  0.3333	  1.0000	  0.0000	  1.0000	  1.0000	  1.0000	  0.0000	  1.0000	  1.0000	
pred 0       -1	       0	       0	       0	       0	       1	       0	       0	       1	       1	       0	       0	       0	       0	       0	       1	       0	       0	       0	       0	       0	       0	       0	       0	       0	       0	       0	       1	      -1	       0	       0	       0	       0	       0	       0	       0	       0	      -1	       0	       0	       0	       0	      -1	       0	       0	       0	       0	       0	       0	       0	       0	       0	       0	       0	       0	       1	      -1	       0	       0	       0	       0	       1	       0	       0	       0	       0	       0	       1	       0	      -1	       0	       0	       0	       0	       0	       0	       0	       0	       0	       0	       0	      -1	       0	       1	       0	       0	       0	       0	       0	       0	       0	       0	       0	       0	       0	      -1	       0	       0	       0	       0	       0	       0	       0	       0	       0	       0	       0	       0	       0	       0	       0	       0	       0	       0	       0	       0	       0	       0	      -1	       0	       0	       0	       0	       0	       0	       0	       0	       1	      -1	       0	       0	       0	      -1	       0	       0	       0	       0	       0	       0	       0	       1	       0	       0	       0	       0	       0	       0	       0	       0	       0	       0	       0	       0	       0	       0	       0	       0	       0	       0	       0	       0	      -1	       0	       0	       0	       0	       0	       0	       0	       0	       0	       0	       0	       0	       0	       0	       1	       0	       0	       0	       0	       0	      -1	       0	       0	       0	       0	       0	      -1	       0	      -1	       0	       0	       0	       0	       0	       0	       0	       0	       1	       0	       0	       0	       0	       0	      -1	       1	      -1	       0	       0	       0	       0	       0	       0	       0	       0	       0	       1	       0	       0	       0	       0	       0	       0	       0	       0	       1	       1	       1	       0	       1	       0	       0	       0	      -1	       0	       0	      -1	       0	       0	       0	
prob 0     1.00	    1.00	    1.00	    1.00	    1.00	    1.00	    1.00	    1.00	    1.00	    1.00	    1.00	    1.00	    1.00	    1.00	    1.00	    1.00	    1.00	    1.00	    1.00	    1.00	    1.00	    1.00	    1.00	    1.00	    1.00	    1.00	    1.00	    1.00	    1.00	    1.00	    0.99	    1.00	    1.00	    1.00	    1.00	    1.00	    1.00	    1.00	    1.00	    1.00	    1.00	    1.00	    1.00	    1.00	    1.00	    1.00	    1.00	    1.00	    1.00	    1.00	    1.00	    1.00	    1.00	    1.00	    1.00	    1.00	    1.00	    1.00	    1.00	    1.00	    1.00	    1.00	    1.00	    1.00	    1.00	    1.00	    1.00	    1.00	    1.00	    1.00	    1.00	    1.00	    1.00	    1.00	    1.00	    1.00	    1.00	    1.00	    1.00	    1.00	    1.00	    1.00	    1.00	    1.00	    1.00	    1.00	    1.00	    1.00	    1.00	    1.00	    1.00	    1.00	    1.00	    1.00	    1.00	    1.00	    1.00	    1.00	    1.00	    1.00	    1.00	    1.00	    1.00	    1.00	    1.00	    1.00	    1.00	    1.00	    1.00	    1.00	    1.00	    1.00	    1.00	    1.00	    1.00	    1.00	    1.00	    1.00	    1.00	    1.00	    1.00	    1.00	    1.00	    1.00	    1.00	    1.00	    1.00	    1.00	    1.00	    1.00	    1.00	    1.00	    1.00	    1.00	    1.00	    1.00	    1.00	    1.00	    1.00	    1.00	    1.00	    1.00	    1.00	    1.00	    1.00	    1.00	    1.00	    1.00	    1.00	    1.00	    1.00	    1.00	    1.00	    1.00	    1.00	    1.00	    1.00	    1.00	    1.00	    1.00	    1.00	    1.00	    1.00	    1.00	    1.00	    1.00	    1.00	    1.00	    1.00	    1.00	    1.00	    1.00	    1.00	    1.00	    1.00	    1.00	    1.00	    1.00	    1.00	    1.00	    1.00	    1.00	    1.00	    1.00	    1.00	    1.00	    1.00	    1.00	    1.00	    1.00	    1.00	    1.00	    1.00	    1.00	    1.00	    1.00	    1.00	    1.00	    1.00	    1.00	    1.00	    1.00	    1.00	    1.00	    1.00	    1.00	    1.00	    1.00	    1.00	    1.00	    1.00	    1.00	    1.00	    1.00	    1.00	    1.00	    1.00	    1.00	    1.00	    1.00	    1.00	    1.00	    1.00	    1.00	    1.00	    1.00	    1.00	    1.00	    1.00	    1.00	    1.00	    1.00	    1.00	    1.00	    1.00	    1.00	    1.00	    1.00	    1.00	    1.00	    1.00	
test 0        0	      -1	       0	       0	       1	       0	       0	       1	       1	       1	       1	       0	       0	       0	       0	       0	       1	       0	       1	       0	       0	       0	       0	      -1	      -1	       0	       0	       0	       0	       0	       1	       0	       0	       0	       0	       0	       1	      -1	       0	       0	       0	       1	       0	       0	       0	       0	       0	       0	       0	       1	       0	       1	       1	       0	       0	       0	      -1	      -1	       0	       0	       0	       0	       1	       0	       1	       0	       0	       0	       0	       0	       0	       0	       0	       0	       1	       0	       0	       0	       0	       0	       0	      -1	       0	       0	       0	       0	       0	       0	       0	       0	       0	       0	       0	       0	       0	       0	       0	       0	       0	       0	       0	       0	       0	       0	       0	       0	       0	       0	       0	       0	       0	       0	       0	       0	       0	       0	       0	       0	       0	       0	       0	       1	       0	       0	       0	       0	       1	       1	       0	       0	       0	       0	       0	       1	       0	      -1	       0	       0	       0	       1	       1	       0	       0	       0	       0	       0	       0	       0	       0	       0	       0	       0	       0	       0	       0	       0	       0	       1	       0	       0	       0	       0	       0	       0	       0	       0	       0	       0	       0	       0	       0	       0	       0	       0	       0	       0	       1	       1	       0	       0	       0	       1	       0	       0	       0	       0	       0	       1	       0	       0	      -1	       0	       0	       0	       0	       0	       0	       0	       1	       1	       1	       1	       0	       0	       1	       1	       1	       0	       1	       0	       0	       1	       1	       0	       0	       0	       0	       0	       0	       0	       0	       0	       0	       0	       0	       0	       0	       1	       1	       0	       0	       1	       0	       0	       0	       0	       0	      -1	       1	       0	       0	
pred 1       -1	       0	       0	       0	       0	       1	       0	       0	       1	       1	       0	       0	       0	       0	       0	       1	       0	       0	       0	       0	       0	       0	       0	       0	       0	       0	       0	       1	      -1	       0	       0	       0	       0	       0	       0	       0	       0	      -1	       0	       0	       0	       0	      -1	       0	       0	       0	       0	       0	       0	       0	       0	       0	       0	       0	       0	       1	      -1	       0	       0	       0	       0	       1	       0	       0	       0	       0	       0	       1	       0	      -1	       0	       0	       0	       0	       0	       0	       0	       0	       0	       0	       0	      -1	       0	       1	       0	       0	       0	       0	       0	       0	       0	       0	       0	       0	       0	      -1	       0	       0	       0	       0	       0	       0	       0	       0	       0	       0	       0	       0	       0	       0	       0	       0	       0	       0	       0	       0	       0	       0	      -1	       0	       0	       0	       0	       0	       0	       0	       0	       1	      -1	       0	       0	       0	      -1	       0	       0	       0	       0	       0	       0	       0	       1	       0	       0	       0	       0	       0	       0	       0	       0	       0	       0	       0	       0	       0	       0	       0	       0	       0	       0	       0	       0	      -1	       0	       0	       0	       0	       0	       0	       0	       0	       0	       0	       0	       0	       0	       0	       1	       0	       0	       0	       0	       0	      -1	       0	       0	       0	       0	       0	      -1	       0	      -1	       0	       0	       0	       0	       0	       0	       0	       0	       1	       0	       0	       0	       0	       0	      -1	       1	      -1	       0	       0	       0	       0	       0	       0	       0	       0	       0	       1	       0	       0	       0	       0	       0	       0	       0	       0	       1	       1	       1	       0	       1	       0	       0	       0	      -1	       0	       0	      -1	       0	       0	       0	
prob 1     1.00	    1.00	    1.00	    1.00	    1.00	    1.00	    1.00	    1.00	    1.00	    1.00	    1.00	    1.00	    1.00	    1.00	    1.00	    1.00	    1.00	    1.00	    1.00	    1.00	    1.00	    1.00	    1.00	    1.00	    1.00	    1.00	    1.00	    1.00	    1.00	    1.00	    0.99	    1.00	    1.00	    1.00	    1.00	    1.00	    1.00	    1.00	    1.00	    1.00	    1.00	    1.00	    1.00	    1.00	    1.00	    1.00	    1.00	    1.00	    1.00	    1.00	    1.00	    1.00	    1.00	    1.00	    1.00	    1.00	    1.00	    1.00	    1.00	    1.00	    1.00	    1.00	    1.00	    1.00	    1.00	    1.00	    1.00	    1.00	    1.00	    1.00	    1.00	    1.00	    1.00	    1.00	    1.00	    1.00	    1.00	    1.00	    1.00	    1.00	    1.00	    1.00	    1.00	    1.00	    1.00	    1.00	    1.00	    1.00	    1.00	    1.00	    1.00	    1.00	    1.00	    1.00	    1.00	    1.00	    1.00	    1.00	    1.00	    1.00	    1.00	    1.00	    1.00	    1.00	    1.00	    1.00	    1.00	    1.00	    1.00	    1.00	    1.00	    1.00	    1.00	    1.00	    1.00	    1.00	    1.00	    1.00	    1.00	    1.00	    1.00	    1.00	    1.00	    1.00	    1.00	    1.00	    1.00	    1.00	    1.00	    1.00	    1.00	    1.00	    1.00	    1.00	    1.00	    1.00	    1.00	    1.00	    1.00	    1.00	    1.00	    1.00	    1.00	    1.00	    1.00	    1.00	    1.00	    1.00	    1.00	    1.00	    1.00	    1.00	    1.00	    1.00	    1.00	    1.00	    1.00	    1.00	    1.00	    1.00	    1.00	    1.00	    1.00	    1.00	    1.00	    1.00	    1.00	    1.00	    1.00	    1.00	    1.00	    1.00	    1.00	    1.00	    1.00	    1.00	    1.00	    1.00	    1.00	    1.00	    1.00	    1.00	    1.00	    1.00	    1.00	    1.00	    1.00	    1.00	    1.00	    1.00	    1.00	    1.00	    1.00	    1.00	    1.00	    1.00	    1.00	    1.00	    1.00	    1.00	    1.00	    1.00	    1.00	    1.00	    1.00	    1.00	    1.00	    1.00	    1.00	    1.00	    1.00	    1.00	    1.00	    1.00	    1.00	    1.00	    1.00	    1.00	    1.00	    1.00	    1.00	    1.00	    1.00	    1.00	    1.00	    1.00	    1.00	    1.00	    1.00	    1.00	    1.00	    1.00	    1.00	    1.00	    1.00	    1.00	    1.00	    1.00	    1.00	    1.00	    1.00	
test 1        0	      -1	       0	       0	       1	       0	       0	       0	       1	       1	       1	       0	       0	       0	       0	       0	       1	       0	       1	       0	       0	       0	       0	      -1	      -1	       0	       0	       0	      -1	       0	       1	       0	       0	       0	       0	       1	       1	      -1	       0	       0	       0	       1	       0	       0	       0	       0	       0	       0	       0	       0	       0	       1	       1	       0	       0	       0	      -1	      -1	       0	       0	       0	       0	       1	       0	       1	       0	       0	       0	       0	       0	       0	       0	       1	       0	       1	       0	       0	       0	       0	       0	       0	      -1	       1	       0	       0	       1	       0	       0	       0	       0	       0	       0	       0	       0	       0	       0	       0	       0	       0	       0	       0	       0	       0	       0	       0	       0	       0	       0	       0	       0	       0	       0	       0	       0	       0	       0	       0	       0	       0	       0	       0	       1	       0	       0	       0	       0	       1	       1	       0	       0	       0	       0	       1	       0	       0	      -1	       0	       0	       0	       1	       1	       0	       0	       0	      -1	       0	       0	       0	      -1	       0	       0	       0	       0	       0	       0	       0	       0	       1	       0	       0	       0	       0	       0	       0	       0	       0	       0	       0	       0	       0	       0	       0	       0	       0	       0	       0	       1	       0	       0	       0	       0	       1	       0	       0	       0	       0	       0	       1	       0	       0	      -1	       0	       0	       0	       0	       0	       0	       0	       1	       1	       1	       1	       0	       0	       1	       1	       1	       0	       1	       0	       0	       1	       1	       0	       0	       0	       0	       0	       0	       0	      -1	       0	       0	       0	       0	       1	       0	       1	       1	       0	       1	       1	       1	       0	       0	       0	       0	      -1	       1	       0	       0	
------
confusion matrix:
[[ 11  13   0]
 [ 24 329  19]
 [  3  64  19]]
macro f1: 0.5023495591121431
micro f1: 0.7448132780082988
weighted f1: 0.3277498483657837
class -1 f1: 0.3548387096774194
class  0 f1: 0.8457583547557841
class  1 f1: 0.3064516129032258
average label-wise acc: 74.48%
