========================================
========================================
15/16: yicR overexpression
----------------------------------------

before pretrain
--------------------
label        0	       1	       2	       3	       4	       5	       6	       7	       8	       9	      10	      11	      12	      13	      14	      15	      16	      17	      18	      19	      20	      21	      22	      23	      24	      25	      26	      27	      28	      29	      30	      31	      32	      33	      34	      35	      36	      37	      38	      39	      40	      41	      42	      43	      44	      45	      46	      47	      48	      49	      50	      51	      52	      53	      54	      55	      56	      57	      58	      59	      60	      61	      62	      63	      64	      65	      66	      67	      68	      69	      70	      71	      72	      73	      74	      75	      76	      77	      78	      79	      80	      81	      82	      83	      84	      85	      86	      87	      88	      89	      90	      91	      92	      93	      94	      95	      96	      97	      98	      99	     100	     101	     102	     103	     104	     105	     106	     107	     108	     109	     110	     111	     112	     113	     114	     115	     116	     117	     118	     119	     120	     121	     122	     123	     124	     125	     126	     127	     128	     129	     130	     131	     132	     133	     134	     135	     136	     137	     138	     139	     140	     141	     142	     143	     144	     145	     146	     147	     148	     149	     150	     151	     152	     153	     154	     155	     156	     157	     158	     159	     160	     161	     162	     163	     164	     165	     166	     167	     168	     169	     170	     171	     172	     173	     174	     175	     176	     177	     178	     179	     180	     181	     182	     183	     184	     185	     186	     187	     188	     189	     190	     191	     192	     193	     194	     195	     196	     197	     198	     199	     200	     201	     202	     203	     204	     205	     206	     207	     208	     209	     210	     211	     212	     213	     214	     215	     216	     217	     218	     219	     220	     221	     222	     223	     224	     225	     226	     227	     228	     229	     230	     231	     232	     233	     234	     235	     236	     237	     238	     239	     240	
   acc    0.00%	 100.00%	   0.00%	 100.00%	   0.00%	 100.00%	   0.00%	   0.00%	 100.00%	   0.00%	   0.00%	   0.00%	   0.00%	   0.00%	   0.00%	 100.00%	 100.00%	   0.00%	 100.00%	   0.00%	   0.00%	 100.00%	   0.00%	   0.00%	 100.00%	   0.00%	 100.00%	 100.00%	   0.00%	   0.00%	   0.00%	 100.00%	   0.00%	 100.00%	   0.00%	  50.00%	   0.00%	 100.00%	   0.00%	   0.00%	   0.00%	 100.00%	   0.00%	 100.00%	 100.00%	   0.00%	   0.00%	   0.00%	   0.00%	  50.00%	   0.00%	 100.00%	 100.00%	   0.00%	 100.00%	   0.00%	 100.00%	   0.00%	   0.00%	   0.00%	   0.00%	   0.00%	   0.00%	   0.00%	   0.00%	   0.00%	 100.00%	   0.00%	   0.00%	   0.00%	   0.00%	 100.00%	  50.00%	   0.00%	   0.00%	   0.00%	   0.00%	   0.00%	   0.00%	 100.00%	   0.00%	   0.00%	  50.00%	 100.00%	   0.00%	   0.00%	 100.00%	 100.00%	   0.00%	   0.00%	   0.00%	   0.00%	   0.00%	   0.00%	   0.00%	   0.00%	   0.00%	   0.00%	   0.00%	   0.00%	   0.00%	 100.00%	   0.00%	   0.00%	   0.00%	   0.00%	   0.00%	 100.00%	 100.00%	   0.00%	   0.00%	 100.00%	 100.00%	   0.00%	   0.00%	 100.00%	 100.00%	   0.00%	 100.00%	 100.00%	   0.00%	 100.00%	   0.00%	   0.00%	   0.00%	   0.00%	 100.00%	 100.00%	   0.00%	   0.00%	   0.00%	 100.00%	  50.00%	  50.00%	   0.00%	   0.00%	 100.00%	   0.00%	   0.00%	 100.00%	   0.00%	   0.00%	   0.00%	 100.00%	   0.00%	   0.00%	 100.00%	   0.00%	   0.00%	 100.00%	   0.00%	   0.00%	   0.00%	   0.00%	 100.00%	   0.00%	 100.00%	 100.00%	   0.00%	 100.00%	   0.00%	   0.00%	   0.00%	   0.00%	 100.00%	   0.00%	   0.00%	 100.00%	 100.00%	   0.00%	 100.00%	   0.00%	 100.00%	 100.00%	   0.00%	   0.00%	   0.00%	  50.00%	   0.00%	   0.00%	 100.00%	   0.00%	   0.00%	   0.00%	 100.00%	   0.00%	   0.00%	 100.00%	   0.00%	   0.00%	 100.00%	 100.00%	   0.00%	 100.00%	   0.00%	   0.00%	 100.00%	   0.00%	   0.00%	 100.00%	   0.00%	 100.00%	   0.00%	   0.00%	 100.00%	   0.00%	   0.00%	 100.00%	   0.00%	   0.00%	 100.00%	 100.00%	   0.00%	   0.00%	 100.00%	   0.00%	 100.00%	   0.00%	 100.00%	   0.00%	  50.00%	   0.00%	   0.00%	   0.00%	   0.00%	  50.00%	   0.00%	   0.00%	   0.00%	   0.00%	  50.00%	 100.00%	  50.00%	   0.00%	   0.00%	 100.00%	   0.00%	   0.00%	   0.00%	 100.00%	   0.00%	
    f1   0.0000	  1.0000	  0.0000	  1.0000	  0.0000	  1.0000	  0.0000	  0.0000	  1.0000	  0.0000	  0.0000	  0.0000	  0.0000	  0.0000	  0.0000	  1.0000	  1.0000	  0.0000	  1.0000	  0.0000	  0.0000	  1.0000	  0.0000	  0.0000	  1.0000	  0.0000	  1.0000	  1.0000	  0.0000	  0.0000	  0.0000	  1.0000	  0.0000	  1.0000	  0.0000	  0.3333	  0.0000	  1.0000	  0.0000	  0.0000	  0.0000	  1.0000	  0.0000	  1.0000	  1.0000	  0.0000	  0.0000	  0.0000	  0.0000	  0.3333	  0.0000	  1.0000	  1.0000	  0.0000	  1.0000	  0.0000	  1.0000	  0.0000	  0.0000	  0.0000	  0.0000	  0.0000	  0.0000	  0.0000	  0.0000	  0.0000	  1.0000	  0.0000	  0.0000	  0.0000	  0.0000	  1.0000	  0.3333	  0.0000	  0.0000	  0.0000	  0.0000	  0.0000	  0.0000	  1.0000	  0.0000	  0.0000	  0.3333	  1.0000	  0.0000	  0.0000	  1.0000	  1.0000	  0.0000	  0.0000	  0.0000	  0.0000	  0.0000	  0.0000	  0.0000	  0.0000	  0.0000	  0.0000	  0.0000	  0.0000	  0.0000	  1.0000	  0.0000	  0.0000	  0.0000	  0.0000	  0.0000	  1.0000	  1.0000	  0.0000	  0.0000	  1.0000	  1.0000	  0.0000	  0.0000	  1.0000	  1.0000	  0.0000	  1.0000	  1.0000	  0.0000	  1.0000	  0.0000	  0.0000	  0.0000	  0.0000	  1.0000	  1.0000	  0.0000	  0.0000	  0.0000	  1.0000	  0.3333	  0.3333	  0.0000	  0.0000	  1.0000	  0.0000	  0.0000	  1.0000	  0.0000	  0.0000	  0.0000	  1.0000	  0.0000	  0.0000	  1.0000	  0.0000	  0.0000	  1.0000	  0.0000	  0.0000	  0.0000	  0.0000	  1.0000	  0.0000	  1.0000	  1.0000	  0.0000	  1.0000	  0.0000	  0.0000	  0.0000	  0.0000	  1.0000	  0.0000	  0.0000	  1.0000	  1.0000	  0.0000	  1.0000	  0.0000	  1.0000	  1.0000	  0.0000	  0.0000	  0.0000	  0.3333	  0.0000	  0.0000	  1.0000	  0.0000	  0.0000	  0.0000	  1.0000	  0.0000	  0.0000	  1.0000	  0.0000	  0.0000	  1.0000	  1.0000	  0.0000	  1.0000	  0.0000	  0.0000	  1.0000	  0.0000	  0.0000	  1.0000	  0.0000	  1.0000	  0.0000	  0.0000	  1.0000	  0.0000	  0.0000	  1.0000	  0.0000	  0.0000	  1.0000	  1.0000	  0.0000	  0.0000	  1.0000	  0.0000	  1.0000	  0.0000	  1.0000	  0.0000	  0.3333	  0.0000	  0.0000	  0.0000	  0.0000	  0.3333	  0.0000	  0.0000	  0.0000	  0.0000	  0.3333	  1.0000	  0.3333	  0.0000	  0.0000	  1.0000	  0.0000	  0.0000	  0.0000	  1.0000	  0.0000	
pred 0       -1	      -1	       1	       0	       0	       0	       1	      -1	       1	       0	       0	      -1	      -1	       1	      -1	       0	       1	      -1	       1	      -1	       1	       0	      -1	       1	      -1	       1	       0	       0	       1	      -1	       0	       0	      -1	       0	       1	       1	       0	      -1	      -1	      -1	      -1	       1	       1	       0	       0	       1	       1	       1	      -1	       0	       1	       1	       1	      -1	       0	      -1	      -1	       0	      -1	      -1	       1	      -1	       0	      -1	       0	      -1	       0	       1	      -1	      -1	      -1	       0	       0	      -1	      -1	      -1	       1	      -1	       1	       0	      -1	       0	       0	       0	       1	      -1	       0	       0	      -1	       1	      -1	      -1	       1	       1	       1	      -1	      -1	       1	      -1	      -1	       1	       0	      -1	       1	       1	       1	      -1	       0	       0	       1	       1	       0	       0	       1	       1	       0	       0	       1	       0	       0	       1	       1	       1	      -1	      -1	       1	       1	       1	      -1	       1	       1	       0	       0	       0	       1	       0	       0	      -1	      -1	       1	      -1	       1	      -1	       0	       1	       1	       0	      -1	       1	       0	      -1	       1	       1	      -1	       0	       1	       0	       1	      -1	       0	      -1	       1	      -1	      -1	       0	       1	      -1	       0	       0	      -1	       0	       1	       0	       0	      -1	      -1	      -1	       1	       1	       1	       0	      -1	       1	      -1	       0	      -1	      -1	       1	      -1	       1	      -1	       0	       1	       0	      -1	      -1	       0	      -1	      -1	       1	       0	       1	      -1	      -1	       1	      -1	       0	       0	      -1	       1	       0	       1	       0	       1	       0	       1	       0	       1	       0	      -1	      -1	      -1	       1	      -1	      -1	       0	      -1	      -1	      -1	      -1	       1	       1	       0	      -1	       1	       0	      -1	       1	       0	       0	      -1	
test 0        0	      -1	       0	       0	       1	       0	       0	       1	       1	       1	       1	       0	       0	       0	       0	       0	       1	       0	       1	       0	       0	       0	       0	      -1	      -1	       0	       0	       0	       0	       0	       1	       0	       0	       0	       0	       0	       1	      -1	       0	       0	       0	       1	       0	       0	       0	       0	       0	       0	       0	       1	       0	       1	       1	       0	       0	       0	      -1	      -1	       0	       0	       0	       0	       1	       0	       1	       0	       0	       0	       0	       0	       0	       0	       0	       0	       1	       0	       0	       0	       0	       0	       0	      -1	       0	       0	       0	       0	       0	       0	       0	       0	       0	       0	       0	       0	       0	       0	       0	       0	       0	       0	       0	       0	       0	       0	       0	       0	       0	       0	       0	       0	       0	       0	       0	       0	       0	       0	       0	       0	       0	       0	       0	       1	       0	       0	       0	       0	       1	       1	       0	       0	       0	       0	       0	       1	       0	      -1	       0	       0	       0	       1	       1	       0	       0	       0	       0	       0	       0	       0	       0	       0	       0	       0	       0	       0	       0	       0	       0	       1	       0	       0	       0	       0	       0	       0	       0	       0	       0	       0	       0	       0	       0	       0	       0	       0	       0	       0	       1	       1	       0	       0	       0	       1	       0	       0	       0	       0	       0	       1	       0	       0	      -1	       0	       0	       0	       0	       0	       0	       0	       1	       1	       1	       1	       0	       0	       1	       1	       1	       0	       1	       0	       0	       1	       1	       0	       0	       0	       0	       0	       0	       0	       0	       0	       0	       0	       0	       0	       0	       1	       1	       0	       0	       1	       0	       0	       0	       0	       0	      -1	       1	       0	       0	
pred 1       -1	      -1	       1	       0	       0	       0	       1	      -1	       1	       0	       0	      -1	      -1	       1	      -1	       0	       1	      -1	       1	      -1	       1	       0	      -1	       1	      -1	       1	       0	       0	       1	      -1	       0	       0	      -1	       0	       1	       1	       0	      -1	      -1	      -1	      -1	       1	       1	       0	       0	       1	       1	       1	      -1	       0	       1	       1	       1	      -1	       0	      -1	      -1	       0	      -1	      -1	       1	      -1	       0	      -1	       0	      -1	       0	       1	      -1	      -1	      -1	       0	       0	      -1	      -1	      -1	       1	      -1	       1	       0	      -1	       0	       0	       0	       1	      -1	       0	       0	      -1	       1	      -1	      -1	       1	       1	       1	      -1	      -1	       1	      -1	      -1	       1	       0	      -1	       1	       1	       1	      -1	       0	       0	       1	       1	       0	       0	       1	       1	       0	       0	       1	       0	       0	       1	       1	       1	      -1	      -1	       1	       1	       1	      -1	       1	       1	       0	       0	       0	       1	       0	       0	      -1	      -1	       1	      -1	       1	      -1	       0	       1	       1	       0	      -1	       1	       0	      -1	       1	       1	      -1	       0	       1	       0	       1	      -1	       0	      -1	       1	      -1	      -1	       0	       1	      -1	       0	       0	      -1	       0	       1	       0	       0	      -1	      -1	      -1	       1	       1	       1	       0	      -1	       1	      -1	       0	      -1	      -1	       1	      -1	       1	      -1	       0	       1	       0	      -1	      -1	       0	      -1	      -1	       1	       0	       1	      -1	      -1	       1	      -1	       0	       0	      -1	       1	       0	       1	       0	       1	       0	       1	       0	       1	       0	      -1	      -1	      -1	       1	      -1	      -1	       0	      -1	      -1	      -1	      -1	       1	       1	       0	      -1	       1	       0	      -1	       1	       0	       0	      -1	
test 1        0	      -1	       0	       0	       1	       0	       0	       0	       1	       1	       1	       0	       0	       0	       0	       0	       1	       0	       1	       0	       0	       0	       0	      -1	      -1	       0	       0	       0	      -1	       0	       1	       0	       0	       0	       0	       1	       1	      -1	       0	       0	       0	       1	       0	       0	       0	       0	       0	       0	       0	       0	       0	       1	       1	       0	       0	       0	      -1	      -1	       0	       0	       0	       0	       1	       0	       1	       0	       0	       0	       0	       0	       0	       0	       1	       0	       1	       0	       0	       0	       0	       0	       0	      -1	       1	       0	       0	       1	       0	       0	       0	       0	       0	       0	       0	       0	       0	       0	       0	       0	       0	       0	       0	       0	       0	       0	       0	       0	       0	       0	       0	       0	       0	       0	       0	       0	       0	       0	       0	       0	       0	       0	       0	       1	       0	       0	       0	       0	       1	       1	       0	       0	       0	       0	       1	       0	       0	      -1	       0	       0	       0	       1	       1	       0	       0	       0	      -1	       0	       0	       0	      -1	       0	       0	       0	       0	       0	       0	       0	       0	       1	       0	       0	       0	       0	       0	       0	       0	       0	       0	       0	       0	       0	       0	       0	       0	       0	       0	       0	       1	       0	       0	       0	       0	       1	       0	       0	       0	       0	       0	       1	       0	       0	      -1	       0	       0	       0	       0	       0	       0	       0	       1	       1	       1	       1	       0	       0	       1	       1	       1	       0	       1	       0	       0	       1	       1	       0	       0	       0	       0	       0	       0	       0	      -1	       0	       0	       0	       0	       1	       0	       1	       1	       0	       1	       1	       1	       0	       0	       0	       0	      -1	       1	       0	       0	
------
confusion matrix:
[[ 11   6   7]
 [145 111 116]
 [ 20  29  37]]
macro f1: 0.2797948122338367
micro f1: 0.32987551867219916
weighted f1: 0.16492998600006104
average label-wise acc: 32.99%


after pretrain
--------------------
label        0	       1	       2	       3	       4	       5	       6	       7	       8	       9	      10	      11	      12	      13	      14	      15	      16	      17	      18	      19	      20	      21	      22	      23	      24	      25	      26	      27	      28	      29	      30	      31	      32	      33	      34	      35	      36	      37	      38	      39	      40	      41	      42	      43	      44	      45	      46	      47	      48	      49	      50	      51	      52	      53	      54	      55	      56	      57	      58	      59	      60	      61	      62	      63	      64	      65	      66	      67	      68	      69	      70	      71	      72	      73	      74	      75	      76	      77	      78	      79	      80	      81	      82	      83	      84	      85	      86	      87	      88	      89	      90	      91	      92	      93	      94	      95	      96	      97	      98	      99	     100	     101	     102	     103	     104	     105	     106	     107	     108	     109	     110	     111	     112	     113	     114	     115	     116	     117	     118	     119	     120	     121	     122	     123	     124	     125	     126	     127	     128	     129	     130	     131	     132	     133	     134	     135	     136	     137	     138	     139	     140	     141	     142	     143	     144	     145	     146	     147	     148	     149	     150	     151	     152	     153	     154	     155	     156	     157	     158	     159	     160	     161	     162	     163	     164	     165	     166	     167	     168	     169	     170	     171	     172	     173	     174	     175	     176	     177	     178	     179	     180	     181	     182	     183	     184	     185	     186	     187	     188	     189	     190	     191	     192	     193	     194	     195	     196	     197	     198	     199	     200	     201	     202	     203	     204	     205	     206	     207	     208	     209	     210	     211	     212	     213	     214	     215	     216	     217	     218	     219	     220	     221	     222	     223	     224	     225	     226	     227	     228	     229	     230	     231	     232	     233	     234	     235	     236	     237	     238	     239	     240	
   acc  100.00%	   0.00%	 100.00%	 100.00%	   0.00%	 100.00%	 100.00%	  50.00%	   0.00%	   0.00%	   0.00%	 100.00%	 100.00%	 100.00%	 100.00%	 100.00%	   0.00%	 100.00%	   0.00%	 100.00%	 100.00%	 100.00%	 100.00%	   0.00%	   0.00%	 100.00%	 100.00%	 100.00%	  50.00%	 100.00%	   0.00%	 100.00%	 100.00%	 100.00%	 100.00%	  50.00%	   0.00%	 100.00%	 100.00%	 100.00%	 100.00%	   0.00%	 100.00%	 100.00%	 100.00%	 100.00%	 100.00%	 100.00%	 100.00%	  50.00%	 100.00%	   0.00%	   0.00%	 100.00%	 100.00%	 100.00%	 100.00%	   0.00%	 100.00%	 100.00%	 100.00%	 100.00%	   0.00%	 100.00%	   0.00%	 100.00%	 100.00%	 100.00%	 100.00%	 100.00%	 100.00%	 100.00%	  50.00%	 100.00%	   0.00%	 100.00%	 100.00%	 100.00%	 100.00%	 100.00%	 100.00%	 100.00%	  50.00%	 100.00%	 100.00%	  50.00%	 100.00%	 100.00%	 100.00%	 100.00%	 100.00%	 100.00%	 100.00%	 100.00%	 100.00%	 100.00%	 100.00%	 100.00%	 100.00%	 100.00%	 100.00%	 100.00%	 100.00%	 100.00%	 100.00%	 100.00%	 100.00%	 100.00%	 100.00%	 100.00%	 100.00%	 100.00%	 100.00%	 100.00%	 100.00%	 100.00%	 100.00%	 100.00%	 100.00%	 100.00%	 100.00%	   0.00%	 100.00%	 100.00%	 100.00%	 100.00%	   0.00%	 100.00%	 100.00%	 100.00%	 100.00%	 100.00%	  50.00%	  50.00%	 100.00%	   0.00%	 100.00%	 100.00%	 100.00%	   0.00%	 100.00%	 100.00%	 100.00%	 100.00%	  50.00%	 100.00%	 100.00%	 100.00%	  50.00%	 100.00%	 100.00%	 100.00%	 100.00%	 100.00%	 100.00%	 100.00%	 100.00%	   0.00%	 100.00%	 100.00%	 100.00%	 100.00%	 100.00%	 100.00%	 100.00%	 100.00%	 100.00%	 100.00%	 100.00%	 100.00%	 100.00%	 100.00%	 100.00%	 100.00%	 100.00%	 100.00%	 100.00%	  50.00%	 100.00%	 100.00%	 100.00%	   0.00%	 100.00%	 100.00%	 100.00%	 100.00%	 100.00%	   0.00%	 100.00%	 100.00%	 100.00%	 100.00%	 100.00%	 100.00%	 100.00%	 100.00%	 100.00%	 100.00%	 100.00%	 100.00%	   0.00%	   0.00%	 100.00%	 100.00%	   0.00%	   0.00%	   0.00%	 100.00%	   0.00%	 100.00%	 100.00%	   0.00%	   0.00%	 100.00%	 100.00%	 100.00%	 100.00%	 100.00%	 100.00%	 100.00%	  50.00%	 100.00%	 100.00%	 100.00%	 100.00%	  50.00%	 100.00%	 100.00%	   0.00%	 100.00%	  50.00%	   0.00%	  50.00%	 100.00%	 100.00%	 100.00%	 100.00%	 100.00%	   0.00%	 100.00%	 100.00%	
    f1   1.0000	  0.0000	  1.0000	  1.0000	  0.0000	  1.0000	  1.0000	  0.3333	  0.0000	  0.0000	  0.0000	  1.0000	  1.0000	  1.0000	  1.0000	  1.0000	  0.0000	  1.0000	  0.0000	  1.0000	  1.0000	  1.0000	  1.0000	  0.0000	  0.0000	  1.0000	  1.0000	  1.0000	  0.3333	  1.0000	  0.0000	  1.0000	  1.0000	  1.0000	  1.0000	  0.3333	  0.0000	  1.0000	  1.0000	  1.0000	  1.0000	  0.0000	  1.0000	  1.0000	  1.0000	  1.0000	  1.0000	  1.0000	  1.0000	  0.3333	  1.0000	  0.0000	  0.0000	  1.0000	  1.0000	  1.0000	  1.0000	  0.0000	  1.0000	  1.0000	  1.0000	  1.0000	  0.0000	  1.0000	  0.0000	  1.0000	  1.0000	  1.0000	  1.0000	  1.0000	  1.0000	  1.0000	  0.3333	  1.0000	  0.0000	  1.0000	  1.0000	  1.0000	  1.0000	  1.0000	  1.0000	  1.0000	  0.3333	  1.0000	  1.0000	  0.3333	  1.0000	  1.0000	  1.0000	  1.0000	  1.0000	  1.0000	  1.0000	  1.0000	  1.0000	  1.0000	  1.0000	  1.0000	  1.0000	  1.0000	  1.0000	  1.0000	  1.0000	  1.0000	  1.0000	  1.0000	  1.0000	  1.0000	  1.0000	  1.0000	  1.0000	  1.0000	  1.0000	  1.0000	  1.0000	  1.0000	  1.0000	  1.0000	  1.0000	  1.0000	  1.0000	  0.0000	  1.0000	  1.0000	  1.0000	  1.0000	  0.0000	  1.0000	  1.0000	  1.0000	  1.0000	  1.0000	  0.3333	  0.3333	  1.0000	  0.0000	  1.0000	  1.0000	  1.0000	  0.0000	  1.0000	  1.0000	  1.0000	  1.0000	  0.3333	  1.0000	  1.0000	  1.0000	  0.3333	  1.0000	  1.0000	  1.0000	  1.0000	  1.0000	  1.0000	  1.0000	  1.0000	  0.0000	  1.0000	  1.0000	  1.0000	  1.0000	  1.0000	  1.0000	  1.0000	  1.0000	  1.0000	  1.0000	  1.0000	  1.0000	  1.0000	  1.0000	  1.0000	  1.0000	  1.0000	  1.0000	  1.0000	  0.3333	  1.0000	  1.0000	  1.0000	  0.0000	  1.0000	  1.0000	  1.0000	  1.0000	  1.0000	  0.0000	  1.0000	  1.0000	  1.0000	  1.0000	  1.0000	  1.0000	  1.0000	  1.0000	  1.0000	  1.0000	  1.0000	  1.0000	  0.0000	  0.0000	  1.0000	  1.0000	  0.0000	  0.0000	  0.0000	  1.0000	  0.0000	  1.0000	  1.0000	  0.0000	  0.0000	  1.0000	  1.0000	  1.0000	  1.0000	  1.0000	  1.0000	  1.0000	  0.3333	  1.0000	  1.0000	  1.0000	  1.0000	  0.3333	  1.0000	  1.0000	  0.0000	  1.0000	  0.3333	  0.0000	  0.3333	  1.0000	  1.0000	  1.0000	  1.0000	  1.0000	  0.0000	  1.0000	  1.0000	
pred 0        0	       0	       0	       0	       0	       0	       0	       0	       0	       0	       0	       0	       0	       0	       0	       0	       0	       0	       0	       0	       0	       0	       0	       0	       0	       0	       0	       0	       0	       0	       0	       0	       0	       0	       0	       0	       0	      -1	       0	       0	       0	       0	       0	       0	       0	       0	       0	       0	       0	       0	       0	       0	       0	       0	       0	       0	      -1	       0	       0	       0	       0	       0	       0	       0	       0	       0	       0	       0	       0	       0	       0	       0	       0	       0	       0	       0	       0	       0	       0	       0	       0	      -1	       0	       0	       0	       0	       0	       0	       0	       0	       0	       0	       0	       0	       0	       0	       0	       0	       0	       0	       0	       0	       0	       0	       0	       0	       0	       0	       0	       0	       0	       0	       0	       0	       0	       0	       0	       0	       0	       0	       0	       0	       0	       0	       0	       0	       0	       1	       0	       0	       0	       0	       0	       0	       0	       0	       0	       0	       0	       0	       1	       0	       0	       0	       0	       0	       0	       0	       0	       0	       0	       0	       0	       0	       0	       0	       0	       0	       0	       0	       0	       0	       0	       0	       0	       0	       0	       0	       0	       0	       0	       0	       0	       0	       0	       0	       1	       0	       0	       0	       0	       0	       0	       0	       0	       0	       0	       0	       0	       0	      -1	       0	       0	       0	       0	       0	       0	       0	       1	       1	       0	       0	       0	       0	       0	       0	       0	       0	       0	       0	       0	       0	       0	       0	       0	       0	       0	       0	       0	       0	       0	       0	       0	       0	       0	       0	       0	       1	       0	       0	       0	       0	       0	       0	       0	       0	       0	      -1	       0	       0	       0	
test 0        0	      -1	       0	       0	       1	       0	       0	       1	       1	       1	       1	       0	       0	       0	       0	       0	       1	       0	       1	       0	       0	       0	       0	      -1	      -1	       0	       0	       0	       0	       0	       1	       0	       0	       0	       0	       0	       1	      -1	       0	       0	       0	       1	       0	       0	       0	       0	       0	       0	       0	       1	       0	       1	       1	       0	       0	       0	      -1	      -1	       0	       0	       0	       0	       1	       0	       1	       0	       0	       0	       0	       0	       0	       0	       0	       0	       1	       0	       0	       0	       0	       0	       0	      -1	       0	       0	       0	       0	       0	       0	       0	       0	       0	       0	       0	       0	       0	       0	       0	       0	       0	       0	       0	       0	       0	       0	       0	       0	       0	       0	       0	       0	       0	       0	       0	       0	       0	       0	       0	       0	       0	       0	       0	       1	       0	       0	       0	       0	       1	       1	       0	       0	       0	       0	       0	       1	       0	      -1	       0	       0	       0	       1	       1	       0	       0	       0	       0	       0	       0	       0	       0	       0	       0	       0	       0	       0	       0	       0	       0	       1	       0	       0	       0	       0	       0	       0	       0	       0	       0	       0	       0	       0	       0	       0	       0	       0	       0	       0	       1	       1	       0	       0	       0	       1	       0	       0	       0	       0	       0	       1	       0	       0	      -1	       0	       0	       0	       0	       0	       0	       0	       1	       1	       1	       1	       0	       0	       1	       1	       1	       0	       1	       0	       0	       1	       1	       0	       0	       0	       0	       0	       0	       0	       0	       0	       0	       0	       0	       0	       0	       1	       1	       0	       0	       1	       0	       0	       0	       0	       0	      -1	       1	       0	       0	
pred 1        0	       0	       0	       0	       0	       0	       0	       0	       0	       0	       0	       0	       0	       0	       0	       0	       0	       0	       0	       0	       0	       0	       0	       0	       0	       0	       0	       0	       0	       0	       0	       0	       0	       0	       0	       0	       0	      -1	       0	       0	       0	       0	       0	       0	       0	       0	       0	       0	       0	       0	       0	       0	       0	       0	       0	       0	      -1	       0	       0	       0	       0	       0	       0	       0	       0	       0	       0	       0	       0	       0	       0	       0	       0	       0	       0	       0	       0	       0	       0	       0	       0	      -1	       0	       0	       0	       0	       0	       0	       0	       0	       0	       0	       0	       0	       0	       0	       0	       0	       0	       0	       0	       0	       0	       0	       0	       0	       0	       0	       0	       0	       0	       0	       0	       0	       0	       0	       0	       0	       0	       0	       0	       0	       0	       0	       0	       0	       0	       1	       0	       0	       0	       0	       0	       0	       0	       0	       0	       0	       0	       0	       1	       0	       0	       0	       0	       0	       0	       0	       0	       0	       0	       0	       0	       0	       0	       0	       0	       0	       0	       0	       0	       0	       0	       0	       0	       0	       0	       0	       0	       0	       0	       0	       0	       0	       0	       0	       1	       0	       0	       0	       0	       0	       0	       0	       0	       0	       0	       0	       0	       0	      -1	       0	       0	       0	       0	       0	       0	       0	       1	       1	       0	       0	       0	       0	       0	       0	       0	       0	       0	       0	       0	       0	       0	       0	       0	       0	       0	       0	       0	       0	       0	       0	       0	       0	       0	       0	       0	       1	       0	       0	       0	       0	       0	       0	       0	       0	       0	      -1	       0	       0	       0	
test 1        0	      -1	       0	       0	       1	       0	       0	       0	       1	       1	       1	       0	       0	       0	       0	       0	       1	       0	       1	       0	       0	       0	       0	      -1	      -1	       0	       0	       0	      -1	       0	       1	       0	       0	       0	       0	       1	       1	      -1	       0	       0	       0	       1	       0	       0	       0	       0	       0	       0	       0	       0	       0	       1	       1	       0	       0	       0	      -1	      -1	       0	       0	       0	       0	       1	       0	       1	       0	       0	       0	       0	       0	       0	       0	       1	       0	       1	       0	       0	       0	       0	       0	       0	      -1	       1	       0	       0	       1	       0	       0	       0	       0	       0	       0	       0	       0	       0	       0	       0	       0	       0	       0	       0	       0	       0	       0	       0	       0	       0	       0	       0	       0	       0	       0	       0	       0	       0	       0	       0	       0	       0	       0	       0	       1	       0	       0	       0	       0	       1	       1	       0	       0	       0	       0	       1	       0	       0	      -1	       0	       0	       0	       1	       1	       0	       0	       0	      -1	       0	       0	       0	      -1	       0	       0	       0	       0	       0	       0	       0	       0	       1	       0	       0	       0	       0	       0	       0	       0	       0	       0	       0	       0	       0	       0	       0	       0	       0	       0	       0	       1	       0	       0	       0	       0	       1	       0	       0	       0	       0	       0	       1	       0	       0	      -1	       0	       0	       0	       0	       0	       0	       0	       1	       1	       1	       1	       0	       0	       1	       1	       1	       0	       1	       0	       0	       1	       1	       0	       0	       0	       0	       0	       0	       0	      -1	       0	       0	       0	       0	       1	       0	       1	       1	       0	       1	       1	       1	       0	       0	       0	       0	      -1	       1	       0	       0	
------
confusion matrix:
[[ 10  14   0]
 [  0 372   0]
 [  0  74  12]]
macro f1: 0.5757880075106966
micro f1: 0.8174273858921162
weighted f1: 0.5316156148910522
average label-wise acc: 81.74%


ABL loop 1
--------------------
label        0	       1	       2	       3	       4	       5	       6	       7	       8	       9	      10	      11	      12	      13	      14	      15	      16	      17	      18	      19	      20	      21	      22	      23	      24	      25	      26	      27	      28	      29	      30	      31	      32	      33	      34	      35	      36	      37	      38	      39	      40	      41	      42	      43	      44	      45	      46	      47	      48	      49	      50	      51	      52	      53	      54	      55	      56	      57	      58	      59	      60	      61	      62	      63	      64	      65	      66	      67	      68	      69	      70	      71	      72	      73	      74	      75	      76	      77	      78	      79	      80	      81	      82	      83	      84	      85	      86	      87	      88	      89	      90	      91	      92	      93	      94	      95	      96	      97	      98	      99	     100	     101	     102	     103	     104	     105	     106	     107	     108	     109	     110	     111	     112	     113	     114	     115	     116	     117	     118	     119	     120	     121	     122	     123	     124	     125	     126	     127	     128	     129	     130	     131	     132	     133	     134	     135	     136	     137	     138	     139	     140	     141	     142	     143	     144	     145	     146	     147	     148	     149	     150	     151	     152	     153	     154	     155	     156	     157	     158	     159	     160	     161	     162	     163	     164	     165	     166	     167	     168	     169	     170	     171	     172	     173	     174	     175	     176	     177	     178	     179	     180	     181	     182	     183	     184	     185	     186	     187	     188	     189	     190	     191	     192	     193	     194	     195	     196	     197	     198	     199	     200	     201	     202	     203	     204	     205	     206	     207	     208	     209	     210	     211	     212	     213	     214	     215	     216	     217	     218	     219	     220	     221	     222	     223	     224	     225	     226	     227	     228	     229	     230	     231	     232	     233	     234	     235	     236	     237	     238	     239	     240	
   acc  100.00%	   0.00%	 100.00%	 100.00%	   0.00%	 100.00%	 100.00%	  50.00%	   0.00%	 100.00%	   0.00%	 100.00%	 100.00%	 100.00%	 100.00%	 100.00%	   0.00%	 100.00%	   0.00%	   0.00%	 100.00%	 100.00%	 100.00%	   0.00%	   0.00%	   0.00%	 100.00%	 100.00%	  50.00%	 100.00%	   0.00%	 100.00%	   0.00%	 100.00%	 100.00%	  50.00%	   0.00%	 100.00%	 100.00%	 100.00%	 100.00%	   0.00%	 100.00%	 100.00%	 100.00%	 100.00%	 100.00%	 100.00%	   0.00%	  50.00%	 100.00%	   0.00%	   0.00%	 100.00%	 100.00%	 100.00%	 100.00%	   0.00%	 100.00%	 100.00%	 100.00%	 100.00%	   0.00%	 100.00%	   0.00%	 100.00%	 100.00%	 100.00%	 100.00%	 100.00%	 100.00%	 100.00%	  50.00%	 100.00%	   0.00%	 100.00%	 100.00%	 100.00%	 100.00%	 100.00%	 100.00%	 100.00%	  50.00%	 100.00%	 100.00%	  50.00%	 100.00%	 100.00%	 100.00%	 100.00%	 100.00%	 100.00%	 100.00%	 100.00%	 100.00%	 100.00%	 100.00%	 100.00%	 100.00%	 100.00%	 100.00%	 100.00%	 100.00%	 100.00%	 100.00%	 100.00%	 100.00%	 100.00%	 100.00%	 100.00%	 100.00%	 100.00%	 100.00%	 100.00%	 100.00%	 100.00%	 100.00%	 100.00%	 100.00%	 100.00%	 100.00%	   0.00%	 100.00%	 100.00%	 100.00%	 100.00%	   0.00%	 100.00%	 100.00%	 100.00%	 100.00%	 100.00%	  50.00%	  50.00%	   0.00%	   0.00%	 100.00%	 100.00%	 100.00%	   0.00%	 100.00%	   0.00%	   0.00%	 100.00%	  50.00%	 100.00%	 100.00%	 100.00%	   0.00%	 100.00%	 100.00%	 100.00%	 100.00%	 100.00%	 100.00%	   0.00%	 100.00%	   0.00%	 100.00%	 100.00%	 100.00%	 100.00%	 100.00%	 100.00%	 100.00%	 100.00%	 100.00%	 100.00%	 100.00%	 100.00%	   0.00%	 100.00%	 100.00%	 100.00%	 100.00%	 100.00%	 100.00%	  50.00%	 100.00%	 100.00%	 100.00%	   0.00%	 100.00%	 100.00%	 100.00%	 100.00%	 100.00%	   0.00%	 100.00%	 100.00%	 100.00%	 100.00%	 100.00%	 100.00%	 100.00%	 100.00%	 100.00%	 100.00%	 100.00%	 100.00%	   0.00%	   0.00%	 100.00%	 100.00%	   0.00%	   0.00%	   0.00%	 100.00%	   0.00%	 100.00%	 100.00%	   0.00%	   0.00%	 100.00%	 100.00%	 100.00%	 100.00%	 100.00%	 100.00%	 100.00%	  50.00%	 100.00%	 100.00%	 100.00%	 100.00%	  50.00%	 100.00%	 100.00%	   0.00%	 100.00%	  50.00%	   0.00%	  50.00%	 100.00%	 100.00%	 100.00%	 100.00%	 100.00%	   0.00%	 100.00%	 100.00%	
    f1   1.0000	  0.0000	  1.0000	  1.0000	  0.0000	  1.0000	  1.0000	  0.3333	  0.0000	  1.0000	  0.0000	  1.0000	  1.0000	  1.0000	  1.0000	  1.0000	  0.0000	  1.0000	  0.0000	  0.0000	  1.0000	  1.0000	  1.0000	  0.0000	  0.0000	  0.0000	  1.0000	  1.0000	  0.3333	  1.0000	  0.0000	  1.0000	  0.0000	  1.0000	  1.0000	  0.3333	  0.0000	  1.0000	  1.0000	  1.0000	  1.0000	  0.0000	  1.0000	  1.0000	  1.0000	  1.0000	  1.0000	  1.0000	  0.0000	  0.3333	  1.0000	  0.0000	  0.0000	  1.0000	  1.0000	  1.0000	  1.0000	  0.0000	  1.0000	  1.0000	  1.0000	  1.0000	  0.0000	  1.0000	  0.0000	  1.0000	  1.0000	  1.0000	  1.0000	  1.0000	  1.0000	  1.0000	  0.3333	  1.0000	  0.0000	  1.0000	  1.0000	  1.0000	  1.0000	  1.0000	  1.0000	  1.0000	  0.3333	  1.0000	  1.0000	  0.3333	  1.0000	  1.0000	  1.0000	  1.0000	  1.0000	  1.0000	  1.0000	  1.0000	  1.0000	  1.0000	  1.0000	  1.0000	  1.0000	  1.0000	  1.0000	  1.0000	  1.0000	  1.0000	  1.0000	  1.0000	  1.0000	  1.0000	  1.0000	  1.0000	  1.0000	  1.0000	  1.0000	  1.0000	  1.0000	  1.0000	  1.0000	  1.0000	  1.0000	  1.0000	  1.0000	  0.0000	  1.0000	  1.0000	  1.0000	  1.0000	  0.0000	  1.0000	  1.0000	  1.0000	  1.0000	  1.0000	  0.3333	  0.3333	  0.0000	  0.0000	  1.0000	  1.0000	  1.0000	  0.0000	  1.0000	  0.0000	  0.0000	  1.0000	  0.3333	  1.0000	  1.0000	  1.0000	  0.0000	  1.0000	  1.0000	  1.0000	  1.0000	  1.0000	  1.0000	  0.0000	  1.0000	  0.0000	  1.0000	  1.0000	  1.0000	  1.0000	  1.0000	  1.0000	  1.0000	  1.0000	  1.0000	  1.0000	  1.0000	  1.0000	  0.0000	  1.0000	  1.0000	  1.0000	  1.0000	  1.0000	  1.0000	  0.3333	  1.0000	  1.0000	  1.0000	  0.0000	  1.0000	  1.0000	  1.0000	  1.0000	  1.0000	  0.0000	  1.0000	  1.0000	  1.0000	  1.0000	  1.0000	  1.0000	  1.0000	  1.0000	  1.0000	  1.0000	  1.0000	  1.0000	  0.0000	  0.0000	  1.0000	  1.0000	  0.0000	  0.0000	  0.0000	  1.0000	  0.0000	  1.0000	  1.0000	  0.0000	  0.0000	  1.0000	  1.0000	  1.0000	  1.0000	  1.0000	  1.0000	  1.0000	  0.3333	  1.0000	  1.0000	  1.0000	  1.0000	  0.3333	  1.0000	  1.0000	  0.0000	  1.0000	  0.3333	  0.0000	  0.3333	  1.0000	  1.0000	  1.0000	  1.0000	  1.0000	  0.0000	  1.0000	  1.0000	
pred 0        0	       0	       0	       0	       0	       0	       0	       0	       0	       1	       0	       0	       0	       0	       0	       0	       0	       0	       0	       1	       0	       0	       0	       0	       0	       1	       0	       0	       0	       0	       0	       0	       1	       0	       0	       0	       0	      -1	       0	       0	       0	       0	       0	       0	       0	       0	       0	       0	      -1	       0	       0	       0	       0	       0	       0	       0	      -1	       0	       0	       0	       0	       0	       0	       0	       0	       0	       0	       0	       0	       0	       0	       0	       0	       0	       0	       0	       0	       0	       0	       0	       0	      -1	       0	       0	       0	       0	       0	       0	       0	       0	       0	       0	       0	       0	       0	       0	       0	       0	       0	       0	       0	       0	       0	       0	       0	       0	       0	       0	       0	       0	       0	       0	       0	       0	       0	       0	       0	       0	       0	       0	       0	       0	       0	       0	       0	       0	       0	       1	       0	       0	       0	       0	       0	       0	      -1	       0	       0	       0	       0	       0	       1	      -1	      -1	       0	       0	       0	       0	       0	       1	       0	       0	       0	       0	       0	       0	      -1	       0	       0	       0	       0	       0	       0	       0	       0	       0	       0	       0	       0	       0	       0	       1	       0	       0	       0	       0	       0	       1	       0	       0	       0	       0	       0	       0	       0	       0	       0	       0	       0	       0	       0	      -1	       0	       0	       0	       0	       0	       0	       0	       1	       1	       0	       0	       0	       0	       0	       0	       0	       0	       0	       0	       0	       0	       0	       0	       0	       0	       0	       0	       0	       0	       0	       0	       0	       0	       0	       0	       0	       1	       0	       0	       0	       0	       0	       0	       0	       0	       0	      -1	       0	       0	       0	
test 0        0	      -1	       0	       0	       1	       0	       0	       1	       1	       1	       1	       0	       0	       0	       0	       0	       1	       0	       1	       0	       0	       0	       0	      -1	      -1	       0	       0	       0	       0	       0	       1	       0	       0	       0	       0	       0	       1	      -1	       0	       0	       0	       1	       0	       0	       0	       0	       0	       0	       0	       1	       0	       1	       1	       0	       0	       0	      -1	      -1	       0	       0	       0	       0	       1	       0	       1	       0	       0	       0	       0	       0	       0	       0	       0	       0	       1	       0	       0	       0	       0	       0	       0	      -1	       0	       0	       0	       0	       0	       0	       0	       0	       0	       0	       0	       0	       0	       0	       0	       0	       0	       0	       0	       0	       0	       0	       0	       0	       0	       0	       0	       0	       0	       0	       0	       0	       0	       0	       0	       0	       0	       0	       0	       1	       0	       0	       0	       0	       1	       1	       0	       0	       0	       0	       0	       1	       0	      -1	       0	       0	       0	       1	       1	       0	       0	       0	       0	       0	       0	       0	       0	       0	       0	       0	       0	       0	       0	       0	       0	       1	       0	       0	       0	       0	       0	       0	       0	       0	       0	       0	       0	       0	       0	       0	       0	       0	       0	       0	       1	       1	       0	       0	       0	       1	       0	       0	       0	       0	       0	       1	       0	       0	      -1	       0	       0	       0	       0	       0	       0	       0	       1	       1	       1	       1	       0	       0	       1	       1	       1	       0	       1	       0	       0	       1	       1	       0	       0	       0	       0	       0	       0	       0	       0	       0	       0	       0	       0	       0	       0	       1	       1	       0	       0	       1	       0	       0	       0	       0	       0	      -1	       1	       0	       0	
pred 1        0	       0	       0	       0	       0	       0	       0	       0	       0	       1	       0	       0	       0	       0	       0	       0	       0	       0	       0	       1	       0	       0	       0	       0	       0	       1	       0	       0	       0	       0	       0	       0	       1	       0	       0	       0	       0	      -1	       0	       0	       0	       0	       0	       0	       0	       0	       0	       0	      -1	       0	       0	       0	       0	       0	       0	       0	      -1	       0	       0	       0	       0	       0	       0	       0	       0	       0	       0	       0	       0	       0	       0	       0	       0	       0	       0	       0	       0	       0	       0	       0	       0	      -1	       0	       0	       0	       0	       0	       0	       0	       0	       0	       0	       0	       0	       0	       0	       0	       0	       0	       0	       0	       0	       0	       0	       0	       0	       0	       0	       0	       0	       0	       0	       0	       0	       0	       0	       0	       0	       0	       0	       0	       0	       0	       0	       0	       0	       0	       1	       0	       0	       0	       0	       0	       0	      -1	       0	       0	       0	       0	       0	       1	      -1	      -1	       0	       0	       0	       0	       0	       1	       0	       0	       0	       0	       0	       0	      -1	       0	       0	       0	       0	       0	       0	       0	       0	       0	       0	       0	       0	       0	       0	       1	       0	       0	       0	       0	       0	       1	       0	       0	       0	       0	       0	       0	       0	       0	       0	       0	       0	       0	       0	      -1	       0	       0	       0	       0	       0	       0	       0	       1	       1	       0	       0	       0	       0	       0	       0	       0	       0	       0	       0	       0	       0	       0	       0	       0	       0	       0	       0	       0	       0	       0	       0	       0	       0	       0	       0	       0	       1	       0	       0	       0	       0	       0	       0	       0	       0	       0	      -1	       0	       0	       0	
test 1        0	      -1	       0	       0	       1	       0	       0	       0	       1	       1	       1	       0	       0	       0	       0	       0	       1	       0	       1	       0	       0	       0	       0	      -1	      -1	       0	       0	       0	      -1	       0	       1	       0	       0	       0	       0	       1	       1	      -1	       0	       0	       0	       1	       0	       0	       0	       0	       0	       0	       0	       0	       0	       1	       1	       0	       0	       0	      -1	      -1	       0	       0	       0	       0	       1	       0	       1	       0	       0	       0	       0	       0	       0	       0	       1	       0	       1	       0	       0	       0	       0	       0	       0	      -1	       1	       0	       0	       1	       0	       0	       0	       0	       0	       0	       0	       0	       0	       0	       0	       0	       0	       0	       0	       0	       0	       0	       0	       0	       0	       0	       0	       0	       0	       0	       0	       0	       0	       0	       0	       0	       0	       0	       0	       1	       0	       0	       0	       0	       1	       1	       0	       0	       0	       0	       1	       0	       0	      -1	       0	       0	       0	       1	       1	       0	       0	       0	      -1	       0	       0	       0	      -1	       0	       0	       0	       0	       0	       0	       0	       0	       1	       0	       0	       0	       0	       0	       0	       0	       0	       0	       0	       0	       0	       0	       0	       0	       0	       0	       0	       1	       0	       0	       0	       0	       1	       0	       0	       0	       0	       0	       1	       0	       0	      -1	       0	       0	       0	       0	       0	       0	       0	       1	       1	       1	       1	       0	       0	       1	       1	       1	       0	       1	       0	       0	       1	       1	       0	       0	       0	       0	       0	       0	       0	      -1	       0	       0	       0	       0	       1	       0	       1	       1	       0	       1	       1	       1	       0	       0	       0	       0	      -1	       1	       0	       0	
------
confusion matrix:
[[ 10  13   1]
 [ 10 353   9]
 [  0  72  14]]
macro f1: 0.5268986157875046
micro f1: 0.7821576763485477
weighted f1: 0.43303075432777405
average label-wise acc: 78.22%


ABL loop 2
--------------------
