========================================
========================================
14/15: yicR overexpression
----------------------------------------

before pretrain
--------------------
label        0	       1	       2	       3	       4	       5	       6	       7	       8	       9	      10	      11	      12	      13	      14	      15	      16	      17	      18	      19	      20	      21	      22	      23	      24	      25	      26	      27	      28	      29	      30	      31	      32	      33	      34	      35	      36	      37	      38	      39	      40	      41	      42	      43	      44	      45	      46	      47	      48	      49	      50	      51	      52	      53	      54	      55	      56	      57	      58	      59	      60	      61	      62	      63	      64	      65	      66	      67	      68	      69	      70	      71	      72	      73	      74	      75	      76	      77	      78	      79	      80	      81	      82	      83	      84	      85	      86	      87	      88	      89	      90	      91	      92	      93	      94	      95	      96	      97	      98	      99	     100	     101	     102	     103	     104	     105	     106	     107	     108	     109	     110	     111	     112	     113	     114	     115	     116	     117	     118	     119	     120	     121	     122	     123	     124	     125	     126	     127	     128	     129	     130	     131	     132	     133	     134	     135	     136	     137	     138	     139	     140	     141	     142	     143	     144	     145	     146	     147	     148	     149	     150	     151	     152	     153	     154	     155	     156	     157	     158	     159	     160	     161	     162	     163	     164	     165	     166	     167	     168	     169	     170	     171	     172	     173	     174	     175	     176	     177	     178	     179	     180	     181	     182	     183	     184	     185	     186	     187	     188	     189	     190	     191	     192	     193	     194	     195	     196	     197	     198	     199	     200	     201	     202	     203	     204	     205	     206	     207	     208	     209	     210	     211	     212	     213	     214	     215	     216	     217	     218	     219	     220	     221	     222	     223	     224	     225	     226	     227	     228	     229	     230	     231	     232	     233	     234	     235	     236	     237	     238	     239	     240	
   acc   50.00%	  50.00%	   0.00%	 100.00%	  50.00%	 100.00%	   0.00%	   0.00%	  50.00%	  50.00%	  50.00%	   0.00%	   0.00%	  50.00%	   0.00%	 100.00%	  50.00%	   0.00%	  50.00%	   0.00%	   0.00%	 100.00%	  50.00%	  50.00%	 100.00%	   0.00%	  50.00%	 100.00%	   0.00%	   0.00%	   0.00%	 100.00%	  50.00%	 100.00%	   0.00%	  50.00%	  50.00%	 100.00%	  50.00%	   0.00%	   0.00%	  50.00%	   0.00%	  50.00%	  50.00%	   0.00%	   0.00%	   0.00%	  50.00%	   0.00%	   0.00%	  50.00%	  50.00%	  50.00%	 100.00%	   0.00%	 100.00%	  50.00%	   0.00%	   0.00%	  50.00%	   0.00%	   0.00%	   0.00%	   0.00%	  50.00%	  50.00%	   0.00%	   0.00%	   0.00%	   0.00%	  50.00%	  50.00%	  50.00%	   0.00%	  50.00%	   0.00%	   0.00%	   0.00%	  50.00%	   0.00%	   0.00%	  50.00%	 100.00%	   0.00%	  50.00%	 100.00%	  50.00%	   0.00%	  50.00%	  50.00%	   0.00%	   0.00%	   0.00%	   0.00%	  50.00%	  50.00%	   0.00%	   0.00%	   0.00%	   0.00%	  50.00%	  50.00%	  50.00%	   0.00%	   0.00%	   0.00%	  50.00%	  50.00%	   0.00%	   0.00%	  50.00%	 100.00%	   0.00%	  50.00%	  50.00%	  50.00%	   0.00%	  50.00%	 100.00%	   0.00%	  50.00%	   0.00%	   0.00%	  50.00%	   0.00%	  50.00%	  50.00%	  50.00%	   0.00%	   0.00%	 100.00%	 100.00%	  50.00%	  50.00%	   0.00%	  50.00%	   0.00%	   0.00%	  50.00%	  50.00%	   0.00%	   0.00%	 100.00%	   0.00%	   0.00%	  50.00%	  50.00%	   0.00%	 100.00%	   0.00%	   0.00%	   0.00%	   0.00%	 100.00%	   0.00%	 100.00%	  50.00%	  50.00%	 100.00%	   0.00%	   0.00%	   0.00%	  50.00%	   0.00%	   0.00%	   0.00%	 100.00%	 100.00%	  50.00%	 100.00%	   0.00%	  50.00%	 100.00%	   0.00%	   0.00%	  50.00%	   0.00%	   0.00%	   0.00%	 100.00%	   0.00%	   0.00%	   0.00%	 100.00%	   0.00%	  50.00%	  50.00%	   0.00%	   0.00%	 100.00%	 100.00%	   0.00%	 100.00%	   0.00%	   0.00%	  50.00%	  50.00%	  50.00%	  50.00%	  50.00%	  50.00%	  50.00%	   0.00%	  50.00%	   0.00%	  50.00%	 100.00%	  50.00%	   0.00%	 100.00%	  50.00%	   0.00%	   0.00%	 100.00%	   0.00%	 100.00%	   0.00%	 100.00%	   0.00%	 100.00%	   0.00%	   0.00%	   0.00%	   0.00%	 100.00%	   0.00%	  50.00%	  50.00%	   0.00%	  50.00%	  50.00%	  50.00%	  50.00%	   0.00%	 100.00%	   0.00%	   0.00%	   0.00%	  50.00%	   0.00%	
    f1   0.3333	  0.3333	  0.0000	  1.0000	  0.3333	  1.0000	  0.0000	  0.0000	  0.3333	  0.3333	  0.3333	  0.0000	  0.0000	  0.3333	  0.0000	  1.0000	  0.3333	  0.0000	  0.3333	  0.0000	  0.0000	  1.0000	  0.3333	  0.3333	  1.0000	  0.0000	  0.3333	  1.0000	  0.0000	  0.0000	  0.0000	  1.0000	  0.3333	  1.0000	  0.0000	  0.3333	  0.3333	  1.0000	  0.3333	  0.0000	  0.0000	  0.3333	  0.0000	  0.3333	  0.3333	  0.0000	  0.0000	  0.0000	  0.3333	  0.0000	  0.0000	  0.3333	  0.3333	  0.3333	  1.0000	  0.0000	  1.0000	  0.3333	  0.0000	  0.0000	  0.3333	  0.0000	  0.0000	  0.0000	  0.0000	  0.3333	  0.3333	  0.0000	  0.0000	  0.0000	  0.0000	  0.3333	  0.3333	  0.3333	  0.0000	  0.3333	  0.0000	  0.0000	  0.0000	  0.3333	  0.0000	  0.0000	  0.3333	  1.0000	  0.0000	  0.3333	  1.0000	  0.3333	  0.0000	  0.3333	  0.3333	  0.0000	  0.0000	  0.0000	  0.0000	  0.3333	  0.3333	  0.0000	  0.0000	  0.0000	  0.0000	  0.3333	  0.3333	  0.3333	  0.0000	  0.0000	  0.0000	  0.3333	  0.3333	  0.0000	  0.0000	  0.3333	  1.0000	  0.0000	  0.3333	  0.3333	  0.3333	  0.0000	  0.3333	  1.0000	  0.0000	  0.3333	  0.0000	  0.0000	  0.3333	  0.0000	  0.3333	  0.3333	  0.3333	  0.0000	  0.0000	  1.0000	  1.0000	  0.3333	  0.3333	  0.0000	  0.3333	  0.0000	  0.0000	  0.3333	  0.3333	  0.0000	  0.0000	  1.0000	  0.0000	  0.0000	  0.3333	  0.3333	  0.0000	  1.0000	  0.0000	  0.0000	  0.0000	  0.0000	  1.0000	  0.0000	  1.0000	  0.3333	  0.3333	  1.0000	  0.0000	  0.0000	  0.0000	  0.3333	  0.0000	  0.0000	  0.0000	  1.0000	  1.0000	  0.3333	  1.0000	  0.0000	  0.3333	  1.0000	  0.0000	  0.0000	  0.3333	  0.0000	  0.0000	  0.0000	  1.0000	  0.0000	  0.0000	  0.0000	  1.0000	  0.0000	  0.3333	  0.3333	  0.0000	  0.0000	  1.0000	  1.0000	  0.0000	  1.0000	  0.0000	  0.0000	  0.3333	  0.3333	  0.3333	  0.3333	  0.3333	  0.3333	  0.3333	  0.0000	  0.3333	  0.0000	  0.3333	  1.0000	  0.3333	  0.0000	  1.0000	  0.3333	  0.0000	  0.0000	  1.0000	  0.0000	  1.0000	  0.0000	  1.0000	  0.0000	  1.0000	  0.0000	  0.0000	  0.0000	  0.0000	  1.0000	  0.0000	  0.3333	  0.3333	  0.0000	  0.3333	  0.3333	  0.3333	  0.3333	  0.0000	  1.0000	  0.0000	  0.0000	  0.0000	  0.3333	  0.0000	
pred 0       -1	      -1	       1	       0	       0	       0	       1	      -1	       1	       0	       0	      -1	      -1	       1	      -1	       0	       1	      -1	       1	      -1	       1	       0	      -1	       1	      -1	       1	       0	       0	       1	      -1	       0	       0	      -1	       0	       1	       1	       0	      -1	      -1	      -1	      -1	       1	       1	       0	       0	       1	       1	       1	      -1	       0	       1	       1	       1	      -1	       0	      -1	      -1	       0	      -1	      -1	       1	      -1	       0	      -1	       0	      -1	       0	       1	      -1	      -1	      -1	       0	       0	      -1	      -1	      -1	       1	      -1	       1	       0	      -1	       0	       0	       0	       1	      -1	       0	       0	      -1	       1	      -1	      -1	       1	       1	       1	      -1	      -1	       1	      -1	      -1	       1	       0	      -1	       1	       1	       1	      -1	       0	       0	       1	       1	       0	       0	       1	       1	       0	       0	       1	       0	       0	       1	       1	       1	      -1	      -1	       1	       1	       1	      -1	       1	       1	       0	       0	       0	       1	       0	       0	      -1	      -1	       1	      -1	       1	      -1	       0	       1	       1	       0	      -1	       1	       0	      -1	       1	       1	      -1	       0	       1	       0	       1	      -1	       0	      -1	       1	      -1	      -1	      -1	       1	      -1	       0	       0	      -1	       0	       1	       0	       0	      -1	      -1	      -1	       1	       1	       1	       0	      -1	       1	      -1	       0	      -1	      -1	       1	      -1	       1	      -1	       0	       1	       0	      -1	      -1	       0	      -1	      -1	       1	       0	       1	      -1	      -1	       1	      -1	       0	       0	      -1	       1	       0	       1	       0	       1	       0	       1	       0	       1	       0	      -1	      -1	      -1	       1	      -1	      -1	       0	      -1	      -1	      -1	      -1	       1	       1	      -1	      -1	       1	       0	      -1	       1	       0	       0	      -1	
prob 0     0.34	    0.34	    0.35	    0.34	    0.34	    0.35	    0.35	    0.35	    0.34	    0.35	    0.35	    0.34	    0.34	    0.34	    0.34	    0.34	    0.35	    0.35	    0.34	    0.35	    0.34	    0.36	    0.36	    0.34	    0.34	    0.35	    0.34	    0.34	    0.35	    0.34	    0.35	    0.35	    0.35	    0.34	    0.34	    0.34	    0.35	    0.33	    0.34	    0.34	    0.35	    0.34	    0.34	    0.34	    0.34	    0.34	    0.34	    0.34	    0.34	    0.34	    0.34	    0.35	    0.35	    0.36	    0.35	    0.34	    0.34	    0.34	    0.34	    0.34	    0.34	    0.35	    0.34	    0.34	    0.34	    0.35	    0.35	    0.34	    0.34	    0.33	    0.35	    0.34	    0.35	    0.35	    0.35	    0.36	    0.34	    0.35	    0.34	    0.34	    0.35	    0.34	    0.35	    0.34	    0.33	    0.34	    0.35	    0.34	    0.34	    0.36	    0.34	    0.35	    0.34	    0.35	    0.34	    0.34	    0.35	    0.34	    0.35	    0.34	    0.34	    0.35	    0.34	    0.34	    0.34	    0.35	    0.34	    0.35	    0.34	    0.34	    0.35	    0.35	    0.34	    0.34	    0.35	    0.34	    0.35	    0.34	    0.34	    0.35	    0.34	    0.34	    0.35	    0.36	    0.35	    0.35	    0.35	    0.36	    0.34	    0.34	    0.35	    0.34	    0.35	    0.35	    0.35	    0.34	    0.35	    0.35	    0.34	    0.34	    0.34	    0.34	    0.35	    0.35	    0.34	    0.35	    0.34	    0.35	    0.35	    0.34	    0.34	    0.35	    0.34	    0.34	    0.34	    0.34	    0.35	    0.35	    0.35	    0.34	    0.34	    0.35	    0.35	    0.35	    0.34	    0.34	    0.35	    0.34	    0.35	    0.34	    0.35	    0.34	    0.34	    0.35	    0.34	    0.34	    0.34	    0.34	    0.34	    0.34	    0.34	    0.35	    0.36	    0.35	    0.35	    0.35	    0.35	    0.34	    0.34	    0.34	    0.34	    0.34	    0.34	    0.35	    0.35	    0.34	    0.35	    0.35	    0.34	    0.34	    0.34	    0.35	    0.34	    0.35	    0.34	    0.34	    0.35	    0.34	    0.35	    0.34	    0.36	    0.34	    0.34	    0.34	    0.34	    0.34	    0.34	    0.35	    0.34	    0.34	    0.34	    0.34	    0.34	    0.34	    0.34	    0.34	    0.35	    0.35	    0.34	    0.33	    0.35	    0.33	    0.34	    0.34	    0.34	    0.34	    0.34	    0.34	    0.34	    0.35	    0.36	
test 0        1	       0	       0	       0	       1	       0	       0	       1	       1	       1	       1	       1	       1	       1	       1	       0	       1	       1	       1	       0	       0	       0	       1	       1	      -1	       0	       0	       0	       0	       0	       1	       0	       0	       0	       0	       1	       1	      -1	       0	       0	       1	       1	       0	       0	       0	       0	       0	       0	       0	       1	       0	       1	       1	       0	       0	       0	      -1	       0	       0	       0	       1	       0	       1	       0	       1	       0	       0	       0	       0	       0	       0	       1	       1	       1	       1	       0	       0	       0	       0	       1	       0	      -1	       1	       0	       0	       1	       0	       1	       0	       1	       0	       0	       0	       0	       0	       0	       0	       0	       0	       0	       0	       0	       0	       1	       0	       0	       0	       1	       1	       0	       0	       1	       0	       0	       1	       0	       0	       0	       0	       0	       0	       1	       0	       0	       0	       0	       1	       1	       1	       0	       0	       0	       0	       0	       1	      -1	       1	       0	       0	       1	       1	       0	       1	       0	       0	       0	       1	       1	       0	       0	       0	       0	       0	       0	       0	       0	       0	       1	       1	       0	       0	       0	       0	       0	       0	       0	       0	       0	       0	       1	       0	       0	       1	       0	       0	       0	       1	       0	       0	       0	       0	       1	       0	       0	       0	       0	       0	       1	       0	       0	      -1	       0	       0	       0	       0	       0	       0	       0	       1	       1	       1	       1	       0	       0	       1	       1	       0	       0	       1	       0	       0	       1	       1	       0	       0	       0	       0	       0	       0	       0	      -1	       0	       0	       0	       0	       0	       0	       1	       1	       0	       1	       1	       0	       0	       0	       0	       0	      -1	       1	       0	       0	
pred 1       -1	      -1	       1	       0	       0	       0	       1	      -1	       1	       0	       0	      -1	      -1	       1	      -1	       0	       1	      -1	       1	      -1	       1	       0	      -1	       1	      -1	       1	       0	       0	       1	      -1	       0	       0	      -1	       0	       1	       1	       0	      -1	      -1	      -1	      -1	       1	       1	       0	       1	       1	       1	       1	      -1	       0	       1	       1	       1	      -1	       0	      -1	      -1	       0	      -1	      -1	       1	      -1	       0	      -1	       0	      -1	       0	       1	      -1	      -1	      -1	       0	       0	      -1	      -1	      -1	       1	      -1	       1	       0	      -1	       0	       0	       0	       1	      -1	       0	       0	      -1	       1	      -1	      -1	       1	       1	       1	      -1	      -1	       1	      -1	      -1	       1	       0	      -1	       1	       1	       1	      -1	       0	       0	       1	       1	       0	       0	       1	       1	       0	       0	       1	       0	       0	       1	       1	       1	      -1	      -1	       1	       1	       1	      -1	       1	       1	       0	       0	       0	       1	       0	       0	      -1	      -1	       1	      -1	       1	      -1	       0	       1	       1	       0	      -1	       1	       0	      -1	       1	       1	      -1	       0	       1	       0	       1	      -1	       0	      -1	       1	      -1	      -1	      -1	       1	      -1	       0	       0	      -1	       0	       1	       0	       0	      -1	      -1	      -1	       1	       1	       1	       0	      -1	       1	      -1	       0	      -1	      -1	       1	      -1	       1	      -1	       0	       1	       0	      -1	      -1	       0	      -1	      -1	       1	       0	       1	      -1	      -1	       1	      -1	       0	       0	      -1	       1	       0	       1	       0	       1	       0	       1	       0	       1	       0	      -1	      -1	      -1	       1	      -1	      -1	       0	      -1	      -1	      -1	      -1	       1	       1	      -1	      -1	       1	       0	      -1	       1	       0	       0	      -1	
prob 1     0.34	    0.34	    0.34	    0.34	    0.34	    0.35	    0.35	    0.35	    0.34	    0.35	    0.35	    0.34	    0.34	    0.34	    0.34	    0.34	    0.35	    0.35	    0.35	    0.35	    0.34	    0.36	    0.36	    0.34	    0.34	    0.35	    0.34	    0.34	    0.35	    0.34	    0.35	    0.35	    0.35	    0.34	    0.34	    0.34	    0.35	    0.33	    0.34	    0.34	    0.35	    0.34	    0.34	    0.34	    0.34	    0.34	    0.34	    0.34	    0.34	    0.34	    0.34	    0.35	    0.35	    0.36	    0.35	    0.34	    0.34	    0.34	    0.34	    0.34	    0.34	    0.35	    0.34	    0.34	    0.34	    0.35	    0.35	    0.34	    0.34	    0.33	    0.35	    0.34	    0.35	    0.35	    0.35	    0.36	    0.34	    0.35	    0.34	    0.34	    0.35	    0.34	    0.35	    0.34	    0.33	    0.34	    0.35	    0.34	    0.34	    0.36	    0.34	    0.35	    0.34	    0.35	    0.34	    0.34	    0.35	    0.34	    0.35	    0.34	    0.34	    0.35	    0.34	    0.34	    0.34	    0.35	    0.34	    0.35	    0.34	    0.34	    0.35	    0.35	    0.34	    0.34	    0.35	    0.34	    0.35	    0.34	    0.34	    0.35	    0.34	    0.34	    0.35	    0.36	    0.34	    0.35	    0.35	    0.36	    0.34	    0.34	    0.35	    0.34	    0.35	    0.35	    0.35	    0.34	    0.35	    0.35	    0.34	    0.34	    0.34	    0.34	    0.35	    0.35	    0.34	    0.35	    0.34	    0.35	    0.35	    0.34	    0.34	    0.35	    0.34	    0.34	    0.34	    0.34	    0.35	    0.35	    0.35	    0.34	    0.34	    0.35	    0.35	    0.35	    0.34	    0.34	    0.35	    0.34	    0.35	    0.34	    0.35	    0.34	    0.34	    0.35	    0.34	    0.34	    0.34	    0.34	    0.34	    0.34	    0.34	    0.35	    0.36	    0.35	    0.35	    0.35	    0.35	    0.34	    0.34	    0.34	    0.34	    0.34	    0.34	    0.35	    0.35	    0.34	    0.35	    0.35	    0.34	    0.34	    0.34	    0.35	    0.34	    0.35	    0.34	    0.34	    0.35	    0.34	    0.35	    0.34	    0.36	    0.34	    0.34	    0.34	    0.34	    0.34	    0.34	    0.35	    0.34	    0.34	    0.34	    0.34	    0.34	    0.34	    0.34	    0.34	    0.35	    0.35	    0.34	    0.33	    0.35	    0.34	    0.34	    0.34	    0.34	    0.34	    0.34	    0.34	    0.34	    0.35	    0.36	
test 1       -1	      -1	       0	       0	       0	       0	      -1	       0	       0	       0	       0	       0	       0	       0	       0	       0	       0	       0	      -1	       0	       0	       0	      -1	      -1	      -1	      -1	      -1	       0	      -1	       0	      -1	       0	      -1	       0	       0	       0	       0	      -1	      -1	       0	       0	       0	       0	      -1	      -1	       0	       0	       0	      -1	      -1	      -1	      -1	       0	      -1	       0	       0	      -1	      -1	       0	       0	      -1	       0	      -1	       0	      -1	      -1	      -1	      -1	       0	       0	       0	       0	       0	      -1	       0	      -1	       0	       0	       0	       0	       0	      -1	       0	       0	       0	      -1	       0	       0	       0	       0	      -1	       0	      -1	      -1	      -1	      -1	      -1	       0	       0	       0	      -1	      -1	      -1	      -1	      -1	       0	       0	       0	       0	       0	       0	       0	       0	       0	       0	      -1	      -1	      -1	      -1	       0	       0	      -1	       0	       0	      -1	      -1	      -1	      -1	      -1	       0	      -1	       0	       0	      -1	       0	      -1	       0	       0	       0	      -1	      -1	       0	       0	       0	      -1	       0	       0	      -1	      -1	       0	       0	       0	       0	       0	       0	       0	       0	      -1	      -1	       0	       0	       0	       0	      -1	       0	      -1	       0	       0	       0	      -1	       0	       0	       0	       0	       0	       0	      -1	       0	      -1	       0	       0	       0	       0	       0	       0	       0	      -1	      -1	       0	       0	      -1	       0	       0	       0	       0	       0	      -1	      -1	      -1	      -1	       0	       0	      -1	       0	      -1	       0	      -1	       0	      -1	       0	       0	      -1	      -1	       0	       0	       0	       0	       0	       0	       0	      -1	       0	       0	       0	       0	       0	       0	      -1	      -1	       0	       0	       0	      -1	      -1	       0	       0	       0	      -1	      -1	      -1	       0	
------
confusion matrix:
[[ 42  22  34]
 [114  97 101]
 [ 24  22  26]]
macro f1: 0.3178634365622359
micro f1: 0.34232365145228216
weighted f1: 0.2264961302280426
class -1 f1: 0.302158273381295
class  0 f1: 0.4282560706401766
class  1 f1: 0.22317596566523606
average label-wise acc: 34.23%


after pretrain
--------------------
label        0	       1	       2	       3	       4	       5	       6	       7	       8	       9	      10	      11	      12	      13	      14	      15	      16	      17	      18	      19	      20	      21	      22	      23	      24	      25	      26	      27	      28	      29	      30	      31	      32	      33	      34	      35	      36	      37	      38	      39	      40	      41	      42	      43	      44	      45	      46	      47	      48	      49	      50	      51	      52	      53	      54	      55	      56	      57	      58	      59	      60	      61	      62	      63	      64	      65	      66	      67	      68	      69	      70	      71	      72	      73	      74	      75	      76	      77	      78	      79	      80	      81	      82	      83	      84	      85	      86	      87	      88	      89	      90	      91	      92	      93	      94	      95	      96	      97	      98	      99	     100	     101	     102	     103	     104	     105	     106	     107	     108	     109	     110	     111	     112	     113	     114	     115	     116	     117	     118	     119	     120	     121	     122	     123	     124	     125	     126	     127	     128	     129	     130	     131	     132	     133	     134	     135	     136	     137	     138	     139	     140	     141	     142	     143	     144	     145	     146	     147	     148	     149	     150	     151	     152	     153	     154	     155	     156	     157	     158	     159	     160	     161	     162	     163	     164	     165	     166	     167	     168	     169	     170	     171	     172	     173	     174	     175	     176	     177	     178	     179	     180	     181	     182	     183	     184	     185	     186	     187	     188	     189	     190	     191	     192	     193	     194	     195	     196	     197	     198	     199	     200	     201	     202	     203	     204	     205	     206	     207	     208	     209	     210	     211	     212	     213	     214	     215	     216	     217	     218	     219	     220	     221	     222	     223	     224	     225	     226	     227	     228	     229	     230	     231	     232	     233	     234	     235	     236	     237	     238	     239	     240	
   acc    0.00%	  50.00%	 100.00%	 100.00%	  50.00%	 100.00%	  50.00%	  50.00%	   0.00%	   0.00%	   0.00%	  50.00%	  50.00%	   0.00%	   0.00%	 100.00%	   0.00%	   0.00%	   0.00%	 100.00%	 100.00%	 100.00%	   0.00%	  50.00%	 100.00%	   0.00%	   0.00%	 100.00%	  50.00%	 100.00%	   0.00%	 100.00%	   0.00%	 100.00%	 100.00%	  50.00%	   0.00%	 100.00%	  50.00%	 100.00%	   0.00%	  50.00%	 100.00%	   0.00%	   0.00%	 100.00%	 100.00%	 100.00%	  50.00%	   0.00%	   0.00%	   0.00%	  50.00%	   0.00%	 100.00%	 100.00%	 100.00%	  50.00%	 100.00%	 100.00%	   0.00%	 100.00%	  50.00%	 100.00%	   0.00%	  50.00%	  50.00%	   0.00%	 100.00%	 100.00%	 100.00%	  50.00%	   0.00%	   0.00%	   0.00%	  50.00%	 100.00%	 100.00%	 100.00%	  50.00%	 100.00%	 100.00%	   0.00%	 100.00%	 100.00%	   0.00%	 100.00%	  50.00%	 100.00%	  50.00%	   0.00%	 100.00%	  50.00%	  50.00%	  50.00%	  50.00%	  50.00%	 100.00%	 100.00%	 100.00%	   0.00%	   0.00%	  50.00%	   0.00%	   0.00%	 100.00%	 100.00%	   0.00%	   0.00%	 100.00%	 100.00%	  50.00%	 100.00%	 100.00%	   0.00%	   0.00%	   0.00%	   0.00%	   0.00%	 100.00%	 100.00%	   0.00%	 100.00%	 100.00%	   0.00%	   0.00%	   0.00%	  50.00%	   0.00%	 100.00%	   0.00%	  50.00%	  50.00%	   0.00%	   0.00%	 100.00%	   0.00%	 100.00%	 100.00%	   0.00%	   0.00%	 100.00%	  50.00%	  50.00%	  50.00%	 100.00%	  50.00%	  50.00%	  50.00%	 100.00%	 100.00%	 100.00%	 100.00%	 100.00%	  50.00%	  50.00%	 100.00%	   0.00%	   0.00%	 100.00%	 100.00%	 100.00%	  50.00%	   0.00%	  50.00%	   0.00%	 100.00%	 100.00%	 100.00%	  50.00%	 100.00%	 100.00%	  50.00%	 100.00%	 100.00%	 100.00%	  50.00%	 100.00%	  50.00%	 100.00%	 100.00%	   0.00%	  50.00%	 100.00%	 100.00%	 100.00%	   0.00%	   0.00%	 100.00%	 100.00%	 100.00%	 100.00%	 100.00%	 100.00%	 100.00%	 100.00%	  50.00%	  50.00%	   0.00%	   0.00%	  50.00%	  50.00%	   0.00%	 100.00%	   0.00%	  50.00%	   0.00%	 100.00%	  50.00%	 100.00%	 100.00%	   0.00%	  50.00%	 100.00%	 100.00%	 100.00%	 100.00%	 100.00%	 100.00%	 100.00%	 100.00%	 100.00%	 100.00%	 100.00%	 100.00%	 100.00%	  50.00%	  50.00%	   0.00%	 100.00%	   0.00%	  50.00%	   0.00%	  50.00%	 100.00%	 100.00%	 100.00%	 100.00%	   0.00%	   0.00%	 100.00%	
    f1   0.0000	  0.3333	  1.0000	  1.0000	  0.3333	  1.0000	  0.3333	  0.3333	  0.0000	  0.0000	  0.0000	  0.3333	  0.3333	  0.0000	  0.0000	  1.0000	  0.0000	  0.0000	  0.0000	  1.0000	  1.0000	  1.0000	  0.0000	  0.3333	  1.0000	  0.0000	  0.0000	  1.0000	  0.3333	  1.0000	  0.0000	  1.0000	  0.0000	  1.0000	  1.0000	  0.3333	  0.0000	  1.0000	  0.3333	  1.0000	  0.0000	  0.3333	  1.0000	  0.0000	  0.0000	  1.0000	  1.0000	  1.0000	  0.3333	  0.0000	  0.0000	  0.0000	  0.3333	  0.0000	  1.0000	  1.0000	  1.0000	  0.3333	  1.0000	  1.0000	  0.0000	  1.0000	  0.3333	  1.0000	  0.0000	  0.3333	  0.3333	  0.0000	  1.0000	  1.0000	  1.0000	  0.3333	  0.0000	  0.0000	  0.0000	  0.3333	  1.0000	  1.0000	  1.0000	  0.3333	  1.0000	  1.0000	  0.0000	  1.0000	  1.0000	  0.0000	  1.0000	  0.3333	  1.0000	  0.3333	  0.0000	  1.0000	  0.3333	  0.3333	  0.3333	  0.3333	  0.3333	  1.0000	  1.0000	  1.0000	  0.0000	  0.0000	  0.3333	  0.0000	  0.0000	  1.0000	  1.0000	  0.0000	  0.0000	  1.0000	  1.0000	  0.3333	  1.0000	  1.0000	  0.0000	  0.0000	  0.0000	  0.0000	  0.0000	  1.0000	  1.0000	  0.0000	  1.0000	  1.0000	  0.0000	  0.0000	  0.0000	  0.3333	  0.0000	  1.0000	  0.0000	  0.3333	  0.3333	  0.0000	  0.0000	  1.0000	  0.0000	  1.0000	  1.0000	  0.0000	  0.0000	  1.0000	  0.3333	  0.3333	  0.3333	  1.0000	  0.3333	  0.3333	  0.3333	  1.0000	  1.0000	  1.0000	  1.0000	  1.0000	  0.3333	  0.3333	  1.0000	  0.0000	  0.0000	  1.0000	  1.0000	  1.0000	  0.3333	  0.0000	  0.3333	  0.0000	  1.0000	  1.0000	  1.0000	  0.3333	  1.0000	  1.0000	  0.3333	  1.0000	  1.0000	  1.0000	  0.3333	  1.0000	  0.3333	  1.0000	  1.0000	  0.0000	  0.3333	  1.0000	  1.0000	  1.0000	  0.0000	  0.0000	  1.0000	  1.0000	  1.0000	  1.0000	  1.0000	  1.0000	  1.0000	  1.0000	  0.3333	  0.3333	  0.0000	  0.0000	  0.3333	  0.3333	  0.0000	  1.0000	  0.0000	  0.3333	  0.0000	  1.0000	  0.3333	  1.0000	  1.0000	  0.0000	  0.3333	  1.0000	  1.0000	  1.0000	  1.0000	  1.0000	  1.0000	  1.0000	  1.0000	  1.0000	  1.0000	  1.0000	  1.0000	  1.0000	  0.3333	  0.3333	  0.0000	  1.0000	  0.0000	  0.3333	  0.0000	  0.3333	  1.0000	  1.0000	  1.0000	  1.0000	  0.0000	  0.0000	  1.0000	
pred 0       -1	      -1	       0	       0	       0	       0	      -1	       0	       0	       0	       0	       0	       0	       0	       0	       0	      -1	       0	      -1	       0	       0	       0	      -1	      -1	      -1	      -1	      -1	       0	      -1	       0	      -1	       0	      -1	       0	       0	       0	       0	      -1	      -1	       0	       0	      -1	       0	      -1	      -1	       0	       0	       0	      -1	      -1	      -1	      -1	       0	      -1	       0	       0	      -1	      -1	       0	       0	      -1	       0	      -1	       0	      -1	      -1	      -1	      -1	       0	       0	       0	       0	       0	      -1	      -1	      -1	       0	       0	       0	       0	       0	      -1	       0	       0	       0	      -1	       0	      -1	       0	       0	      -1	       0	      -1	      -1	      -1	      -1	      -1	       0	       0	       0	      -1	      -1	      -1	      -1	      -1	       0	       0	       0	       0	       0	       0	       0	       0	       0	       0	      -1	      -1	      -1	      -1	       0	       0	      -1	       0	       0	      -1	      -1	      -1	      -1	      -1	       0	      -1	       0	       0	      -1	       0	      -1	       0	       0	       0	      -1	      -1	       0	       0	       0	      -1	       0	       0	      -1	      -1	       0	       0	       0	       0	       0	       0	       0	       0	      -1	      -1	       0	       0	       0	      -1	      -1	       0	      -1	       0	       0	       0	      -1	       0	       0	       0	       0	       0	       0	      -1	       0	      -1	       0	       0	       0	       0	       0	       0	       0	      -1	      -1	       0	       0	      -1	       0	       0	       0	       0	       0	      -1	      -1	      -1	      -1	       0	       0	      -1	       0	      -1	      -1	      -1	       0	      -1	       0	       0	      -1	      -1	       0	       0	       0	       0	       0	       0	       0	      -1	       0	       0	       0	       0	       0	       0	      -1	      -1	       0	       0	       0	      -1	      -1	       0	       0	       0	      -1	      -1	      -1	       0	
prob 0     1.00	    1.00	    1.00	    1.00	    1.00	    1.00	    1.00	    1.00	    1.00	    1.00	    1.00	    1.00	    1.00	    1.00	    1.00	    1.00	    1.00	    1.00	    1.00	    1.00	    1.00	    1.00	    1.00	    1.00	    1.00	    1.00	    1.00	    1.00	    1.00	    1.00	    1.00	    1.00	    1.00	    1.00	    1.00	    1.00	    1.00	    1.00	    1.00	    1.00	    1.00	    1.00	    1.00	    1.00	    1.00	    1.00	    1.00	    1.00	    1.00	    1.00	    1.00	    1.00	    1.00	    1.00	    1.00	    1.00	    1.00	    1.00	    1.00	    1.00	    1.00	    1.00	    1.00	    1.00	    1.00	    1.00	    1.00	    1.00	    1.00	    1.00	    1.00	    1.00	    1.00	    1.00	    1.00	    1.00	    1.00	    1.00	    1.00	    1.00	    1.00	    1.00	    1.00	    1.00	    1.00	    1.00	    1.00	    1.00	    1.00	    1.00	    1.00	    1.00	    1.00	    1.00	    1.00	    1.00	    1.00	    1.00	    1.00	    1.00	    1.00	    1.00	    1.00	    1.00	    1.00	    1.00	    1.00	    1.00	    1.00	    1.00	    1.00	    1.00	    1.00	    1.00	    1.00	    1.00	    1.00	    1.00	    1.00	    1.00	    1.00	    1.00	    1.00	    1.00	    1.00	    1.00	    1.00	    1.00	    1.00	    1.00	    1.00	    1.00	    1.00	    1.00	    1.00	    1.00	    1.00	    1.00	    1.00	    1.00	    1.00	    1.00	    1.00	    1.00	    1.00	    1.00	    1.00	    1.00	    1.00	    1.00	    1.00	    1.00	    1.00	    1.00	    1.00	    1.00	    1.00	    1.00	    1.00	    1.00	    1.00	    1.00	    1.00	    1.00	    1.00	    1.00	    1.00	    1.00	    1.00	    1.00	    1.00	    1.00	    1.00	    1.00	    1.00	    1.00	    1.00	    1.00	    1.00	    1.00	    1.00	    1.00	    1.00	    1.00	    1.00	    1.00	    1.00	    1.00	    1.00	    1.00	    1.00	    1.00	    1.00	    1.00	    1.00	    1.00	    1.00	    1.00	    1.00	    1.00	    1.00	    1.00	    1.00	    1.00	    1.00	    1.00	    1.00	    1.00	    1.00	    1.00	    1.00	    1.00	    1.00	    1.00	    1.00	    1.00	    1.00	    1.00	    1.00	    1.00	    1.00	    1.00	    1.00	    1.00	    1.00	    1.00	    1.00	    1.00	    1.00	    1.00	    1.00	    1.00	    1.00	    1.00	    1.00	    1.00	    1.00	    1.00	    1.00	    1.00	    1.00	
test 0        1	       0	       0	       0	       1	       0	       0	       1	       1	       1	       1	       1	       1	       1	       1	       0	       1	       1	       1	       0	       0	       0	       1	       1	      -1	       0	       0	       0	       0	       0	       1	       0	       0	       0	       0	       1	       1	      -1	       0	       0	       1	       1	       0	       0	       0	       0	       0	       0	       0	       1	       0	       1	       1	       0	       0	       0	      -1	       0	       0	       0	       1	       0	       1	       0	       1	       0	       0	       0	       0	       0	       0	       1	       1	       1	       1	       0	       0	       0	       0	       1	       0	      -1	       1	       0	       0	       1	       0	       1	       0	       1	       0	       0	       0	       0	       0	       0	       0	       0	       0	       0	       0	       0	       0	       1	       0	       0	       0	       1	       1	       0	       0	       1	       0	       0	       1	       0	       0	       0	       0	       0	       0	       1	       0	       0	       0	       0	       1	       1	       1	       0	       0	       0	       0	       0	       1	      -1	       1	       0	       0	       1	       1	       0	       1	       0	       0	       0	       1	       1	       0	       0	       0	       0	       0	       0	       0	       0	       0	       1	       1	       0	       0	       0	       0	       0	       0	       0	       0	       0	       0	       1	       0	       0	       1	       0	       0	       0	       1	       0	       0	       0	       0	       1	       0	       0	       0	       0	       0	       1	       0	       0	      -1	       0	       0	       0	       0	       0	       0	       0	       1	       1	       1	       1	       0	       0	       1	       1	       0	       0	       1	       0	       0	       1	       1	       0	       0	       0	       0	       0	       0	       0	      -1	       0	       0	       0	       0	       0	       0	       1	       1	       0	       1	       1	       0	       0	       0	       0	       0	      -1	       1	       0	       0	
pred 1        1	      -1	       0	       0	       0	       0	      -1	       0	       1	       1	       1	       0	       0	       1	       1	       0	       1	       1	       1	       0	       0	       0	       1	      -1	      -1	       0	       0	       0	      -1	       0	       1	       0	       0	       0	       0	       0	       1	      -1	      -1	       0	       1	       0	       0	       0	       0	       0	       0	       0	      -1	       1	       0	       0	       0	       0	       0	       0	      -1	      -1	       0	       0	       0	       0	      -1	       0	       1	      -1	      -1	       0	       0	       0	       0	       0	       1	       0	       1	      -1	       0	       0	       0	       0	       0	      -1	       1	       0	       0	       1	       0	       0	       0	       0	       0	       0	      -1	      -1	      -1	      -1	      -1	       0	       0	       0	       0	       0	      -1	       1	       0	       0	       0	       1	       1	       0	       0	       0	       0	       0	       1	       0	       0	       0	       0	       0	       0	       1	       0	       0	       0	       0	       1	      -1	       1	       0	       0	       1	       1	       0	       1	      -1	       1	       0	       0	       1	       1	       0	       0	       1	      -1	       0	       0	      -1	      -1	       0	       0	       0	       0	       0	       1	       1	       0	       0	       1	       0	       0	       0	       0	       0	       1	       1	       0	       0	       0	      -1	       0	       0	       0	       0	       0	       0	      -1	       0	      -1	       0	       0	       1	       1	       0	       0	       0	       0	       1	       0	       0	      -1	       0	       0	       0	       0	       0	      -1	      -1	       1	       1	       0	       0	       0	       0	       0	       0	       0	       0	      -1	       0	       0	       0	      -1	       0	       0	       0	       0	       0	       0	       0	      -1	       0	       0	       0	       0	       0	       1	      -1	       0	       0	       1	       0	       0	      -1	       0	       0	       0	      -1	       0	       0	       0	
prob 1     1.00	    1.00	    1.00	    1.00	    1.00	    1.00	    1.00	    1.00	    1.00	    1.00	    1.00	    1.00	    1.00	    1.00	    1.00	    1.00	    1.00	    1.00	    1.00	    1.00	    1.00	    1.00	    1.00	    1.00	    1.00	    1.00	    1.00	    1.00	    1.00	    1.00	    1.00	    1.00	    1.00	    1.00	    1.00	    1.00	    1.00	    1.00	    1.00	    1.00	    1.00	    1.00	    1.00	    1.00	    1.00	    1.00	    1.00	    1.00	    1.00	    1.00	    1.00	    1.00	    1.00	    1.00	    1.00	    1.00	    1.00	    1.00	    1.00	    1.00	    1.00	    1.00	    1.00	    1.00	    1.00	    1.00	    1.00	    1.00	    1.00	    1.00	    1.00	    1.00	    1.00	    1.00	    1.00	    1.00	    1.00	    1.00	    1.00	    1.00	    1.00	    1.00	    1.00	    1.00	    1.00	    1.00	    1.00	    1.00	    1.00	    1.00	    1.00	    1.00	    1.00	    1.00	    1.00	    1.00	    1.00	    1.00	    1.00	    1.00	    1.00	    1.00	    1.00	    1.00	    1.00	    1.00	    1.00	    1.00	    1.00	    1.00	    1.00	    1.00	    1.00	    1.00	    1.00	    1.00	    1.00	    1.00	    1.00	    1.00	    1.00	    1.00	    1.00	    1.00	    1.00	    1.00	    1.00	    1.00	    1.00	    1.00	    1.00	    1.00	    1.00	    1.00	    1.00	    1.00	    1.00	    1.00	    1.00	    1.00	    1.00	    1.00	    1.00	    1.00	    1.00	    1.00	    1.00	    1.00	    1.00	    1.00	    1.00	    1.00	    1.00	    1.00	    1.00	    1.00	    1.00	    1.00	    1.00	    1.00	    1.00	    1.00	    1.00	    1.00	    1.00	    1.00	    1.00	    1.00	    1.00	    1.00	    1.00	    1.00	    1.00	    1.00	    1.00	    1.00	    1.00	    1.00	    1.00	    1.00	    1.00	    1.00	    1.00	    1.00	    1.00	    1.00	    1.00	    1.00	    1.00	    1.00	    1.00	    1.00	    1.00	    1.00	    1.00	    1.00	    1.00	    1.00	    1.00	    1.00	    1.00	    1.00	    1.00	    1.00	    1.00	    1.00	    1.00	    1.00	    1.00	    1.00	    1.00	    1.00	    1.00	    1.00	    1.00	    1.00	    1.00	    1.00	    1.00	    1.00	    1.00	    1.00	    1.00	    1.00	    1.00	    1.00	    1.00	    1.00	    1.00	    1.00	    1.00	    1.00	    1.00	    1.00	    1.00	    1.00	    1.00	    1.00	    1.00	    1.00	    1.00	
test 1       -1	      -1	       0	       0	       0	       0	      -1	       0	       0	       0	       0	       0	       0	       0	       0	       0	       0	       0	      -1	       0	       0	       0	      -1	      -1	      -1	      -1	      -1	       0	      -1	       0	      -1	       0	      -1	       0	       0	       0	       0	      -1	      -1	       0	       0	       0	       0	      -1	      -1	       0	       0	       0	      -1	      -1	      -1	      -1	       0	      -1	       0	       0	      -1	      -1	       0	       0	      -1	       0	      -1	       0	      -1	      -1	      -1	      -1	       0	       0	       0	       0	       0	      -1	       0	      -1	       0	       0	       0	       0	       0	      -1	       0	       0	       0	      -1	       0	       0	       0	       0	      -1	       0	      -1	      -1	      -1	      -1	      -1	       0	       0	       0	      -1	      -1	      -1	      -1	      -1	       0	       0	       0	       0	       0	       0	       0	       0	       0	       0	      -1	      -1	      -1	      -1	       0	       0	      -1	       0	       0	      -1	      -1	      -1	      -1	      -1	       0	      -1	       0	       0	      -1	       0	      -1	       0	       0	       0	      -1	      -1	       0	       0	       0	      -1	       0	       0	      -1	      -1	       0	       0	       0	       0	       0	       0	       0	       0	      -1	      -1	       0	       0	       0	       0	      -1	       0	      -1	       0	       0	       0	      -1	       0	       0	       0	       0	       0	       0	      -1	       0	      -1	       0	       0	       0	       0	       0	       0	       0	      -1	      -1	       0	       0	      -1	       0	       0	       0	       0	       0	      -1	      -1	      -1	      -1	       0	       0	      -1	       0	      -1	       0	      -1	       0	      -1	       0	       0	      -1	      -1	       0	       0	       0	       0	       0	       0	       0	      -1	       0	       0	       0	       0	       0	       0	      -1	      -1	       0	       0	       0	      -1	      -1	       0	       0	       0	      -1	      -1	      -1	       0	
------
confusion matrix:
[[ 46  34  18]
 [ 49 236  27]
 [ 39  33   0]]
macro f1: 0.3880104663115597
micro f1: 0.5850622406639004
weighted f1: 0.14823178946971893
class -1 f1: 0.39655172413793105
class  0 f1: 0.767479674796748
class  1 f1: 0.0
average label-wise acc: 58.51%


ABL loop 1
--------------------
label        0	       1	       2	       3	       4	       5	       6	       7	       8	       9	      10	      11	      12	      13	      14	      15	      16	      17	      18	      19	      20	      21	      22	      23	      24	      25	      26	      27	      28	      29	      30	      31	      32	      33	      34	      35	      36	      37	      38	      39	      40	      41	      42	      43	      44	      45	      46	      47	      48	      49	      50	      51	      52	      53	      54	      55	      56	      57	      58	      59	      60	      61	      62	      63	      64	      65	      66	      67	      68	      69	      70	      71	      72	      73	      74	      75	      76	      77	      78	      79	      80	      81	      82	      83	      84	      85	      86	      87	      88	      89	      90	      91	      92	      93	      94	      95	      96	      97	      98	      99	     100	     101	     102	     103	     104	     105	     106	     107	     108	     109	     110	     111	     112	     113	     114	     115	     116	     117	     118	     119	     120	     121	     122	     123	     124	     125	     126	     127	     128	     129	     130	     131	     132	     133	     134	     135	     136	     137	     138	     139	     140	     141	     142	     143	     144	     145	     146	     147	     148	     149	     150	     151	     152	     153	     154	     155	     156	     157	     158	     159	     160	     161	     162	     163	     164	     165	     166	     167	     168	     169	     170	     171	     172	     173	     174	     175	     176	     177	     178	     179	     180	     181	     182	     183	     184	     185	     186	     187	     188	     189	     190	     191	     192	     193	     194	     195	     196	     197	     198	     199	     200	     201	     202	     203	     204	     205	     206	     207	     208	     209	     210	     211	     212	     213	     214	     215	     216	     217	     218	     219	     220	     221	     222	     223	     224	     225	     226	     227	     228	     229	     230	     231	     232	     233	     234	     235	     236	     237	     238	     239	     240	
   acc   50.00%	  50.00%	 100.00%	 100.00%	  50.00%	   0.00%	   0.00%	  50.00%	 100.00%	   0.00%	   0.00%	  50.00%	  50.00%	   0.00%	   0.00%	   0.00%	   0.00%	   0.00%	   0.00%	 100.00%	 100.00%	 100.00%	   0.00%	  50.00%	 100.00%	   0.00%	   0.00%	 100.00%	   0.00%	 100.00%	  50.00%	 100.00%	   0.00%	 100.00%	 100.00%	  50.00%	   0.00%	 100.00%	  50.00%	 100.00%	   0.00%	   0.00%	  50.00%	   0.00%	   0.00%	  50.00%	   0.00%	  50.00%	  50.00%	   0.00%	   0.00%	  50.00%	  50.00%	   0.00%	 100.00%	  50.00%	 100.00%	  50.00%	 100.00%	 100.00%	   0.00%	 100.00%	  50.00%	 100.00%	   0.00%	 100.00%	  50.00%	   0.00%	 100.00%	   0.00%	 100.00%	  50.00%	   0.00%	   0.00%	   0.00%	  50.00%	   0.00%	 100.00%	 100.00%	  50.00%	 100.00%	 100.00%	   0.00%	 100.00%	 100.00%	   0.00%	 100.00%	  50.00%	 100.00%	  50.00%	   0.00%	 100.00%	   0.00%	  50.00%	  50.00%	  50.00%	  50.00%	 100.00%	 100.00%	 100.00%	   0.00%	   0.00%	  50.00%	   0.00%	   0.00%	 100.00%	 100.00%	   0.00%	   0.00%	 100.00%	 100.00%	   0.00%	 100.00%	 100.00%	   0.00%	  50.00%	   0.00%	   0.00%	   0.00%	 100.00%	 100.00%	   0.00%	 100.00%	 100.00%	   0.00%	   0.00%	   0.00%	  50.00%	   0.00%	 100.00%	   0.00%	 100.00%	  50.00%	   0.00%	   0.00%	  50.00%	   0.00%	  50.00%	 100.00%	   0.00%	   0.00%	 100.00%	  50.00%	  50.00%	  50.00%	 100.00%	  50.00%	  50.00%	  50.00%	 100.00%	 100.00%	 100.00%	 100.00%	 100.00%	   0.00%	  50.00%	 100.00%	   0.00%	   0.00%	 100.00%	 100.00%	   0.00%	  50.00%	   0.00%	  50.00%	   0.00%	 100.00%	 100.00%	 100.00%	 100.00%	 100.00%	 100.00%	  50.00%	 100.00%	 100.00%	  50.00%	  50.00%	 100.00%	  50.00%	 100.00%	 100.00%	   0.00%	   0.00%	 100.00%	 100.00%	   0.00%	 100.00%	   0.00%	  50.00%	 100.00%	 100.00%	 100.00%	 100.00%	 100.00%	 100.00%	 100.00%	  50.00%	  50.00%	   0.00%	  50.00%	  50.00%	   0.00%	   0.00%	 100.00%	   0.00%	 100.00%	   0.00%	  50.00%	  50.00%	 100.00%	 100.00%	   0.00%	  50.00%	 100.00%	 100.00%	 100.00%	 100.00%	  50.00%	 100.00%	 100.00%	 100.00%	 100.00%	 100.00%	 100.00%	 100.00%	 100.00%	   0.00%	  50.00%	   0.00%	 100.00%	  50.00%	  50.00%	   0.00%	  50.00%	  50.00%	 100.00%	 100.00%	 100.00%	  50.00%	   0.00%	 100.00%	
    f1   0.3333	  0.3333	  1.0000	  1.0000	  0.3333	  0.0000	  0.0000	  0.3333	  1.0000	  0.0000	  0.0000	  0.3333	  0.3333	  0.0000	  0.0000	  0.0000	  0.0000	  0.0000	  0.0000	  1.0000	  1.0000	  1.0000	  0.0000	  0.3333	  1.0000	  0.0000	  0.0000	  1.0000	  0.0000	  1.0000	  0.3333	  1.0000	  0.0000	  1.0000	  1.0000	  0.3333	  0.0000	  1.0000	  0.3333	  1.0000	  0.0000	  0.0000	  0.3333	  0.0000	  0.0000	  0.3333	  0.0000	  0.3333	  0.3333	  0.0000	  0.0000	  0.3333	  0.3333	  0.0000	  1.0000	  0.3333	  1.0000	  0.3333	  1.0000	  1.0000	  0.0000	  1.0000	  0.3333	  1.0000	  0.0000	  1.0000	  0.3333	  0.0000	  1.0000	  0.0000	  1.0000	  0.3333	  0.0000	  0.0000	  0.0000	  0.3333	  0.0000	  1.0000	  1.0000	  0.3333	  1.0000	  1.0000	  0.0000	  1.0000	  1.0000	  0.0000	  1.0000	  0.3333	  1.0000	  0.3333	  0.0000	  1.0000	  0.0000	  0.3333	  0.3333	  0.3333	  0.3333	  1.0000	  1.0000	  1.0000	  0.0000	  0.0000	  0.3333	  0.0000	  0.0000	  1.0000	  1.0000	  0.0000	  0.0000	  1.0000	  1.0000	  0.0000	  1.0000	  1.0000	  0.0000	  0.3333	  0.0000	  0.0000	  0.0000	  1.0000	  1.0000	  0.0000	  1.0000	  1.0000	  0.0000	  0.0000	  0.0000	  0.3333	  0.0000	  1.0000	  0.0000	  1.0000	  0.3333	  0.0000	  0.0000	  0.3333	  0.0000	  0.3333	  1.0000	  0.0000	  0.0000	  1.0000	  0.3333	  0.3333	  0.3333	  1.0000	  0.3333	  0.3333	  0.3333	  1.0000	  1.0000	  1.0000	  1.0000	  1.0000	  0.0000	  0.3333	  1.0000	  0.0000	  0.0000	  1.0000	  1.0000	  0.0000	  0.3333	  0.0000	  0.3333	  0.0000	  1.0000	  1.0000	  1.0000	  1.0000	  1.0000	  1.0000	  0.3333	  1.0000	  1.0000	  0.3333	  0.3333	  1.0000	  0.3333	  1.0000	  1.0000	  0.0000	  0.0000	  1.0000	  1.0000	  0.0000	  1.0000	  0.0000	  0.3333	  1.0000	  1.0000	  1.0000	  1.0000	  1.0000	  1.0000	  1.0000	  0.3333	  0.3333	  0.0000	  0.3333	  0.3333	  0.0000	  0.0000	  1.0000	  0.0000	  1.0000	  0.0000	  0.3333	  0.3333	  1.0000	  1.0000	  0.0000	  0.3333	  1.0000	  1.0000	  1.0000	  1.0000	  0.3333	  1.0000	  1.0000	  1.0000	  1.0000	  1.0000	  1.0000	  1.0000	  1.0000	  0.0000	  0.3333	  0.0000	  1.0000	  0.3333	  0.3333	  0.0000	  0.3333	  0.3333	  1.0000	  1.0000	  1.0000	  0.3333	  0.0000	  1.0000	
pred 0        1	      -1	       0	       0	       0	       1	      -1	       0	       1	      -1	       0	       0	       0	       0	       0	       1	      -1	       0	      -1	       0	       0	       0	      -1	      -1	      -1	      -1	      -1	       0	       1	       0	      -1	       0	       1	       0	       0	       0	       0	      -1	      -1	       0	       0	      -1	       0	      -1	      -1	       0	       1	       0	      -1	      -1	      -1	       1	       0	      -1	       0	       0	      -1	      -1	       0	       0	      -1	       0	       1	       0	      -1	       0	      -1	       1	       0	      -1	       0	       0	       0	      -1	      -1	      -1	      -1	       0	       0	       0	       0	      -1	       0	       0	       0	      -1	       0	      -1	       0	       0	      -1	       0	      -1	      -1	      -1	       0	      -1	       0	       0	       0	      -1	      -1	      -1	      -1	      -1	       0	       0	       0	       0	       0	       0	       0	       0	       0	       0	      -1	      -1	      -1	      -1	       0	       0	      -1	       0	       0	      -1	      -1	      -1	      -1	       0	       0	      -1	       0	       0	      -1	       0	      -1	      -1	      -1	       0	      -1	      -1	       0	       0	       0	      -1	       0	       0	      -1	      -1	       0	       0	       0	       0	       0	       1	       0	       0	      -1	      -1	       0	       0	      -1	      -1	      -1	       0	      -1	       0	       0	       0	       1	       0	       0	       0	       0	       0	       0	      -1	       0	      -1	       0	       0	       0	      -1	       0	       0	      -1	       0	      -1	      -1	       0	      -1	       0	       0	       0	       0	       0	      -1	      -1	      -1	       1	       0	       0	      -1	       0	      -1	       1	      -1	      -1	      -1	       0	       0	      -1	      -1	       0	       0	       0	       0	      -1	       0	       0	      -1	       0	       0	       0	       0	       0	       1	      -1	      -1	       0	       1	       0	      -1	      -1	       0	       0	       0	      -1	      -1	      -1	       0	
prob 0     1.00	    1.00	    1.00	    1.00	    1.00	    1.00	    1.00	    1.00	    1.00	    1.00	    1.00	    1.00	    1.00	    1.00	    1.00	    1.00	    1.00	    1.00	    1.00	    1.00	    1.00	    1.00	    1.00	    1.00	    1.00	    1.00	    1.00	    1.00	    1.00	    1.00	    1.00	    1.00	    1.00	    1.00	    1.00	    1.00	    1.00	    1.00	    1.00	    1.00	    1.00	    1.00	    0.71	    1.00	    1.00	    0.98	    1.00	    1.00	    1.00	    1.00	    1.00	    1.00	    1.00	    1.00	    1.00	    1.00	    1.00	    1.00	    1.00	    1.00	    1.00	    1.00	    1.00	    1.00	    1.00	    1.00	    1.00	    1.00	    1.00	    1.00	    1.00	    1.00	    1.00	    1.00	    1.00	    1.00	    1.00	    1.00	    1.00	    1.00	    1.00	    1.00	    1.00	    1.00	    1.00	    1.00	    1.00	    1.00	    1.00	    1.00	    1.00	    1.00	    1.00	    1.00	    1.00	    1.00	    1.00	    1.00	    1.00	    1.00	    1.00	    1.00	    1.00	    1.00	    1.00	    1.00	    1.00	    1.00	    1.00	    1.00	    1.00	    1.00	    1.00	    1.00	    1.00	    1.00	    1.00	    1.00	    1.00	    1.00	    1.00	    1.00	    0.77	    1.00	    1.00	    1.00	    1.00	    1.00	    1.00	    1.00	    1.00	    0.71	    1.00	    1.00	    1.00	    1.00	    1.00	    1.00	    1.00	    1.00	    1.00	    1.00	    1.00	    1.00	    1.00	    1.00	    1.00	    1.00	    1.00	    1.00	    1.00	    1.00	    1.00	    1.00	    1.00	    1.00	    1.00	    1.00	    1.00	    1.00	    1.00	    1.00	    1.00	    1.00	    1.00	    1.00	    1.00	    1.00	    1.00	    1.00	    1.00	    1.00	    1.00	    1.00	    1.00	    0.99	    1.00	    1.00	    1.00	    1.00	    1.00	    1.00	    1.00	    1.00	    1.00	    1.00	    0.97	    1.00	    1.00	    1.00	    1.00	    1.00	    1.00	    1.00	    1.00	    1.00	    1.00	    1.00	    1.00	    1.00	    0.97	    1.00	    1.00	    1.00	    1.00	    1.00	    1.00	    1.00	    1.00	    1.00	    0.96	    1.00	    1.00	    1.00	    1.00	    1.00	    1.00	    1.00	    1.00	    1.00	    1.00	    1.00	    1.00	    1.00	    1.00	    1.00	    1.00	    1.00	    1.00	    1.00	    1.00	    1.00	    1.00	    1.00	    1.00	    1.00	    1.00	    1.00	    1.00	    1.00	    1.00	
test 0        1	       0	       0	       0	       1	       0	       0	       1	       1	       1	       1	       1	       1	       1	       1	       0	       1	       1	       1	       0	       0	       0	       1	       1	      -1	       0	       0	       0	       0	       0	       1	       0	       0	       0	       0	       1	       1	      -1	       0	       0	       1	       1	       0	       0	       0	       0	       0	       0	       0	       1	       0	       1	       1	       0	       0	       0	      -1	       0	       0	       0	       1	       0	       1	       0	       1	       0	       0	       0	       0	       0	       0	       1	       1	       1	       1	       0	       0	       0	       0	       1	       0	      -1	       1	       0	       0	       1	       0	       1	       0	       1	       0	       0	       0	       0	       0	       0	       0	       0	       0	       0	       0	       0	       0	       1	       0	       0	       0	       1	       1	       0	       0	       1	       0	       0	       1	       0	       0	       0	       0	       0	       0	       1	       0	       0	       0	       0	       1	       1	       1	       0	       0	       0	       0	       0	       1	      -1	       1	       0	       0	       1	       1	       0	       1	       0	       0	       0	       1	       1	       0	       0	       0	       0	       0	       0	       0	       0	       0	       1	       1	       0	       0	       0	       0	       0	       0	       0	       0	       0	       0	       1	       0	       0	       1	       0	       0	       0	       1	       0	       0	       0	       0	       1	       0	       0	       0	       0	       0	       1	       0	       0	      -1	       0	       0	       0	       0	       0	       0	       0	       1	       1	       1	       1	       0	       0	       1	       1	       0	       0	       1	       0	       0	       1	       1	       0	       0	       0	       0	       0	       0	       0	      -1	       0	       0	       0	       0	       0	       0	       1	       1	       0	       1	       1	       0	       0	       0	       0	       0	      -1	       1	       0	       0	
pred 1        1	      -1	       0	       0	       0	      -1	       1	       0	       0	       1	       1	       0	       0	       1	       1	       1	       1	       1	       1	       0	       0	       0	       1	      -1	      -1	       0	       0	       0	       1	       0	      -1	       0	       1	       0	       0	       0	       1	      -1	      -1	       0	       1	      -1	      -1	       0	       0	       1	       1	      -1	      -1	       0	       0	       0	       0	       0	       0	       1	      -1	      -1	       0	       0	       0	       0	       1	       0	       1	      -1	      -1	       0	       0	      -1	       0	       0	       1	       0	       1	      -1	      -1	       0	       0	       0	       0	      -1	      -1	       0	       0	       1	       0	       0	       0	       0	       0	       0	       0	      -1	      -1	       0	      -1	       0	       0	       0	       0	       0	      -1	       1	       0	       0	       0	       1	       1	       0	       0	      -1	       0	       0	       1	      -1	       0	       0	       0	       0	       0	       1	       0	       0	       0	       0	       1	      -1	       1	       0	       0	       0	       1	       0	       1	       1	       1	       0	       0	       1	       1	       0	       0	       1	      -1	       0	       0	      -1	      -1	       0	       0	       0	       0	       0	       1	       1	       0	       0	       1	       0	       0	       1	       0	       0	       1	       1	       0	       0	       0	      -1	       0	       0	       0	       0	       0	      -1	      -1	       0	      -1	       0	       0	       1	       1	       0	       0	      -1	      -1	       1	       0	       0	      -1	       0	       0	       0	       0	       0	      -1	      -1	       1	       1	       0	       1	       0	       0	       0	       0	       1	       0	      -1	       0	       0	       0	      -1	       0	       0	       0	       0	       0	       0	       0	      -1	       0	       0	       0	       0	       0	       1	      -1	       0	       0	      -1	       0	       0	      -1	       1	       0	       0	      -1	      -1	       0	       0	
prob 1     1.00	    1.00	    1.00	    1.00	    1.00	    1.00	    1.00	    1.00	    1.00	    1.00	    1.00	    1.00	    1.00	    1.00	    1.00	    1.00	    1.00	    1.00	    1.00	    1.00	    1.00	    1.00	    1.00	    1.00	    1.00	    1.00	    1.00	    1.00	    1.00	    1.00	    1.00	    1.00	    1.00	    1.00	    1.00	    1.00	    1.00	    1.00	    1.00	    1.00	    1.00	    1.00	    1.00	    1.00	    1.00	    1.00	    1.00	    1.00	    1.00	    1.00	    1.00	    1.00	    1.00	    1.00	    1.00	    1.00	    1.00	    1.00	    1.00	    1.00	    1.00	    1.00	    1.00	    1.00	    1.00	    1.00	    1.00	    1.00	    1.00	    1.00	    1.00	    1.00	    1.00	    1.00	    1.00	    1.00	    1.00	    1.00	    1.00	    1.00	    1.00	    1.00	    1.00	    1.00	    1.00	    1.00	    1.00	    1.00	    1.00	    1.00	    1.00	    1.00	    1.00	    1.00	    1.00	    1.00	    1.00	    1.00	    1.00	    1.00	    1.00	    1.00	    1.00	    1.00	    1.00	    1.00	    1.00	    1.00	    1.00	    1.00	    1.00	    1.00	    1.00	    1.00	    1.00	    1.00	    1.00	    1.00	    1.00	    1.00	    1.00	    1.00	    1.00	    1.00	    1.00	    1.00	    1.00	    1.00	    1.00	    1.00	    1.00	    1.00	    1.00	    1.00	    1.00	    1.00	    1.00	    1.00	    1.00	    1.00	    1.00	    1.00	    1.00	    1.00	    1.00	    1.00	    1.00	    1.00	    1.00	    1.00	    1.00	    1.00	    1.00	    1.00	    1.00	    1.00	    1.00	    1.00	    1.00	    1.00	    1.00	    1.00	    1.00	    1.00	    1.00	    1.00	    1.00	    1.00	    1.00	    1.00	    1.00	    1.00	    1.00	    1.00	    1.00	    1.00	    1.00	    1.00	    1.00	    1.00	    1.00	    1.00	    1.00	    1.00	    1.00	    1.00	    1.00	    1.00	    1.00	    1.00	    1.00	    1.00	    1.00	    1.00	    1.00	    1.00	    1.00	    1.00	    1.00	    1.00	    1.00	    1.00	    1.00	    1.00	    1.00	    1.00	    1.00	    1.00	    1.00	    1.00	    1.00	    1.00	    1.00	    1.00	    1.00	    1.00	    1.00	    1.00	    1.00	    1.00	    1.00	    1.00	    1.00	    1.00	    1.00	    1.00	    1.00	    1.00	    1.00	    1.00	    1.00	    1.00	    1.00	    1.00	    1.00	    1.00	    1.00	    1.00	    1.00	    1.00	    1.00	
test 1       -1	      -1	       0	       0	       0	       0	      -1	       0	       0	       0	       0	       0	       0	       0	       0	       0	       0	       0	      -1	       0	       0	       0	      -1	      -1	      -1	      -1	      -1	       0	      -1	       0	      -1	       0	      -1	       0	       0	       0	       0	      -1	      -1	       0	       0	       0	       0	      -1	      -1	       0	       0	       0	      -1	      -1	      -1	      -1	       0	      -1	       0	       0	      -1	      -1	       0	       0	      -1	       0	      -1	       0	      -1	      -1	      -1	      -1	       0	       0	       0	       0	       0	      -1	       0	      -1	       0	       0	       0	       0	       0	      -1	       0	       0	       0	      -1	       0	       0	       0	       0	      -1	       0	      -1	      -1	      -1	      -1	      -1	       0	       0	       0	      -1	      -1	      -1	      -1	      -1	       0	       0	       0	       0	       0	       0	       0	       0	       0	       0	      -1	      -1	      -1	      -1	       0	       0	      -1	       0	       0	      -1	      -1	      -1	      -1	      -1	       0	      -1	       0	       0	      -1	       0	      -1	       0	       0	       0	      -1	      -1	       0	       0	       0	      -1	       0	       0	      -1	      -1	       0	       0	       0	       0	       0	       0	       0	       0	      -1	      -1	       0	       0	       0	       0	      -1	       0	      -1	       0	       0	       0	      -1	       0	       0	       0	       0	       0	       0	      -1	       0	      -1	       0	       0	       0	       0	       0	       0	       0	      -1	      -1	       0	       0	      -1	       0	       0	       0	       0	       0	      -1	      -1	      -1	      -1	       0	       0	      -1	       0	      -1	       0	      -1	       0	      -1	       0	       0	      -1	      -1	       0	       0	       0	       0	       0	       0	       0	      -1	       0	       0	       0	       0	       0	       0	      -1	      -1	       0	       0	       0	      -1	      -1	       0	       0	       0	      -1	      -1	      -1	       0	
------
confusion matrix:
[[ 44  32  22]
 [ 63 211  38]
 [ 34  30   8]]
macro f1: 0.4012846908244398
micro f1: 0.5456431535269709
weighted f1: 0.1957811415195465
class -1 f1: 0.3682008368200837
class  0 f1: 0.7213675213675214
class  1 f1: 0.11428571428571428
average label-wise acc: 54.56%


ABL loop 2
--------------------
label        0	       1	       2	       3	       4	       5	       6	       7	       8	       9	      10	      11	      12	      13	      14	      15	      16	      17	      18	      19	      20	      21	      22	      23	      24	      25	      26	      27	      28	      29	      30	      31	      32	      33	      34	      35	      36	      37	      38	      39	      40	      41	      42	      43	      44	      45	      46	      47	      48	      49	      50	      51	      52	      53	      54	      55	      56	      57	      58	      59	      60	      61	      62	      63	      64	      65	      66	      67	      68	      69	      70	      71	      72	      73	      74	      75	      76	      77	      78	      79	      80	      81	      82	      83	      84	      85	      86	      87	      88	      89	      90	      91	      92	      93	      94	      95	      96	      97	      98	      99	     100	     101	     102	     103	     104	     105	     106	     107	     108	     109	     110	     111	     112	     113	     114	     115	     116	     117	     118	     119	     120	     121	     122	     123	     124	     125	     126	     127	     128	     129	     130	     131	     132	     133	     134	     135	     136	     137	     138	     139	     140	     141	     142	     143	     144	     145	     146	     147	     148	     149	     150	     151	     152	     153	     154	     155	     156	     157	     158	     159	     160	     161	     162	     163	     164	     165	     166	     167	     168	     169	     170	     171	     172	     173	     174	     175	     176	     177	     178	     179	     180	     181	     182	     183	     184	     185	     186	     187	     188	     189	     190	     191	     192	     193	     194	     195	     196	     197	     198	     199	     200	     201	     202	     203	     204	     205	     206	     207	     208	     209	     210	     211	     212	     213	     214	     215	     216	     217	     218	     219	     220	     221	     222	     223	     224	     225	     226	     227	     228	     229	     230	     231	     232	     233	     234	     235	     236	     237	     238	     239	     240	
   acc   50.00%	  50.00%	 100.00%	 100.00%	  50.00%	  50.00%	   0.00%	   0.00%	 100.00%	   0.00%	   0.00%	  50.00%	  50.00%	   0.00%	   0.00%	   0.00%	   0.00%	   0.00%	   0.00%	 100.00%	 100.00%	 100.00%	   0.00%	  50.00%	 100.00%	   0.00%	   0.00%	 100.00%	   0.00%	 100.00%	  50.00%	 100.00%	   0.00%	 100.00%	 100.00%	  50.00%	   0.00%	 100.00%	  50.00%	 100.00%	   0.00%	   0.00%	  50.00%	   0.00%	   0.00%	  50.00%	 100.00%	  50.00%	  50.00%	  50.00%	   0.00%	  50.00%	  50.00%	   0.00%	 100.00%	  50.00%	 100.00%	  50.00%	 100.00%	 100.00%	   0.00%	   0.00%	   0.00%	 100.00%	   0.00%	 100.00%	  50.00%	   0.00%	 100.00%	   0.00%	 100.00%	  50.00%	   0.00%	   0.00%	   0.00%	  50.00%	   0.00%	 100.00%	 100.00%	  50.00%	 100.00%	 100.00%	  50.00%	 100.00%	 100.00%	   0.00%	 100.00%	   0.00%	 100.00%	  50.00%	   0.00%	 100.00%	 100.00%	  50.00%	  50.00%	  50.00%	  50.00%	 100.00%	 100.00%	 100.00%	   0.00%	   0.00%	  50.00%	   0.00%	   0.00%	 100.00%	 100.00%	   0.00%	   0.00%	 100.00%	 100.00%	   0.00%	 100.00%	 100.00%	   0.00%	  50.00%	   0.00%	   0.00%	   0.00%	 100.00%	 100.00%	   0.00%	 100.00%	 100.00%	   0.00%	   0.00%	   0.00%	  50.00%	  50.00%	 100.00%	   0.00%	   0.00%	   0.00%	   0.00%	   0.00%	  50.00%	   0.00%	  50.00%	 100.00%	   0.00%	   0.00%	 100.00%	  50.00%	   0.00%	  50.00%	 100.00%	  50.00%	  50.00%	  50.00%	 100.00%	 100.00%	 100.00%	 100.00%	 100.00%	   0.00%	  50.00%	 100.00%	   0.00%	   0.00%	 100.00%	 100.00%	   0.00%	  50.00%	   0.00%	  50.00%	   0.00%	 100.00%	 100.00%	 100.00%	 100.00%	 100.00%	 100.00%	  50.00%	 100.00%	 100.00%	  50.00%	  50.00%	 100.00%	  50.00%	 100.00%	 100.00%	   0.00%	   0.00%	 100.00%	 100.00%	   0.00%	   0.00%	   0.00%	  50.00%	 100.00%	 100.00%	 100.00%	 100.00%	 100.00%	 100.00%	 100.00%	  50.00%	  50.00%	   0.00%	   0.00%	  50.00%	 100.00%	   0.00%	 100.00%	   0.00%	  50.00%	   0.00%	  50.00%	  50.00%	   0.00%	 100.00%	   0.00%	  50.00%	 100.00%	 100.00%	 100.00%	 100.00%	   0.00%	 100.00%	 100.00%	 100.00%	 100.00%	 100.00%	 100.00%	 100.00%	 100.00%	   0.00%	  50.00%	   0.00%	 100.00%	   0.00%	  50.00%	   0.00%	  50.00%	  50.00%	 100.00%	 100.00%	 100.00%	  50.00%	   0.00%	 100.00%	
    f1   0.3333	  0.3333	  1.0000	  1.0000	  0.3333	  0.3333	  0.0000	  0.0000	  1.0000	  0.0000	  0.0000	  0.3333	  0.3333	  0.0000	  0.0000	  0.0000	  0.0000	  0.0000	  0.0000	  1.0000	  1.0000	  1.0000	  0.0000	  0.3333	  1.0000	  0.0000	  0.0000	  1.0000	  0.0000	  1.0000	  0.3333	  1.0000	  0.0000	  1.0000	  1.0000	  0.3333	  0.0000	  1.0000	  0.3333	  1.0000	  0.0000	  0.0000	  0.3333	  0.0000	  0.0000	  0.3333	  1.0000	  0.3333	  0.3333	  0.3333	  0.0000	  0.3333	  0.3333	  0.0000	  1.0000	  0.3333	  1.0000	  0.3333	  1.0000	  1.0000	  0.0000	  0.0000	  0.0000	  1.0000	  0.0000	  1.0000	  0.3333	  0.0000	  1.0000	  0.0000	  1.0000	  0.3333	  0.0000	  0.0000	  0.0000	  0.3333	  0.0000	  1.0000	  1.0000	  0.3333	  1.0000	  1.0000	  0.3333	  1.0000	  1.0000	  0.0000	  1.0000	  0.0000	  1.0000	  0.3333	  0.0000	  1.0000	  1.0000	  0.3333	  0.3333	  0.3333	  0.3333	  1.0000	  1.0000	  1.0000	  0.0000	  0.0000	  0.3333	  0.0000	  0.0000	  1.0000	  1.0000	  0.0000	  0.0000	  1.0000	  1.0000	  0.0000	  1.0000	  1.0000	  0.0000	  0.3333	  0.0000	  0.0000	  0.0000	  1.0000	  1.0000	  0.0000	  1.0000	  1.0000	  0.0000	  0.0000	  0.0000	  0.3333	  0.3333	  1.0000	  0.0000	  0.0000	  0.0000	  0.0000	  0.0000	  0.3333	  0.0000	  0.3333	  1.0000	  0.0000	  0.0000	  1.0000	  0.3333	  0.0000	  0.3333	  1.0000	  0.3333	  0.3333	  0.3333	  1.0000	  1.0000	  1.0000	  1.0000	  1.0000	  0.0000	  0.3333	  1.0000	  0.0000	  0.0000	  1.0000	  1.0000	  0.0000	  0.3333	  0.0000	  0.3333	  0.0000	  1.0000	  1.0000	  1.0000	  1.0000	  1.0000	  1.0000	  0.3333	  1.0000	  1.0000	  0.3333	  0.3333	  1.0000	  0.3333	  1.0000	  1.0000	  0.0000	  0.0000	  1.0000	  1.0000	  0.0000	  0.0000	  0.0000	  0.3333	  1.0000	  1.0000	  1.0000	  1.0000	  1.0000	  1.0000	  1.0000	  0.3333	  0.3333	  0.0000	  0.0000	  0.3333	  1.0000	  0.0000	  1.0000	  0.0000	  0.3333	  0.0000	  0.3333	  0.3333	  0.0000	  1.0000	  0.0000	  0.3333	  1.0000	  1.0000	  1.0000	  1.0000	  0.0000	  1.0000	  1.0000	  1.0000	  1.0000	  1.0000	  1.0000	  1.0000	  1.0000	  0.0000	  0.3333	  0.0000	  1.0000	  0.0000	  0.3333	  0.0000	  0.3333	  0.3333	  1.0000	  1.0000	  1.0000	  0.3333	  0.0000	  1.0000	
pred 0        1	      -1	       0	       0	       0	       0	      -1	      -1	       1	      -1	       0	       0	       0	       0	       0	       1	      -1	       0	      -1	       0	       0	       0	      -1	      -1	      -1	      -1	      -1	       0	       1	       0	      -1	       0	       1	       0	       0	       0	       0	      -1	      -1	       0	       0	      -1	      -1	      -1	      -1	       1	       0	       0	      -1	       1	      -1	       1	       1	      -1	       0	       1	      -1	      -1	       0	       0	      -1	       1	       0	       0	      -1	       0	      -1	       1	       0	      -1	       0	       0	       0	      -1	      -1	      -1	      -1	       0	       0	       0	       0	      -1	       1	       0	       0	      -1	       0	       0	       0	       0	      -1	       0	       0	      -1	      -1	       0	      -1	       0	       0	       0	      -1	      -1	      -1	      -1	      -1	       0	       0	       0	      -1	       0	       0	       0	       0	       0	       0	      -1	      -1	      -1	       1	       0	       0	      -1	       0	       0	      -1	      -1	      -1	      -1	       1	       0	      -1	      -1	      -1	      -1	       0	      -1	      -1	      -1	       0	      -1	      -1	       0	       0	      -1	      -1	       0	       0	      -1	      -1	       0	       0	       0	       0	       0	       1	       0	       0	      -1	      -1	       0	       0	      -1	       0	      -1	       0	      -1	       0	       0	       0	       1	       0	       0	       0	       0	       0	       0	      -1	       0	      -1	       0	       0	       0	      -1	       0	       0	      -1	      -1	      -1	      -1	       0	      -1	       0	       0	       0	       0	       0	      -1	      -1	      -1	       0	       1	       1	      -1	       0	      -1	       1	       1	      -1	      -1	      -1	       0	      -1	      -1	       0	       0	       0	       0	       1	       0	       0	      -1	       0	       0	       0	       0	       0	       1	      -1	      -1	       0	      -1	       0	      -1	      -1	       0	       0	       0	      -1	      -1	      -1	       0	
prob 0     1.00	    1.00	    1.00	    1.00	    1.00	    1.00	    1.00	    1.00	    1.00	    1.00	    1.00	    1.00	    1.00	    1.00	    1.00	    1.00	    1.00	    1.00	    1.00	    1.00	    1.00	    1.00	    1.00	    1.00	    1.00	    1.00	    1.00	    1.00	    1.00	    1.00	    1.00	    1.00	    1.00	    1.00	    1.00	    1.00	    1.00	    1.00	    1.00	    1.00	    1.00	    1.00	    1.00	    1.00	    1.00	    0.98	    1.00	    1.00	    1.00	    1.00	    1.00	    1.00	    1.00	    1.00	    1.00	    1.00	    1.00	    1.00	    1.00	    1.00	    1.00	    1.00	    1.00	    1.00	    1.00	    1.00	    1.00	    1.00	    1.00	    1.00	    1.00	    1.00	    1.00	    1.00	    1.00	    1.00	    1.00	    1.00	    1.00	    1.00	    1.00	    1.00	    1.00	    1.00	    1.00	    1.00	    1.00	    1.00	    1.00	    1.00	    1.00	    1.00	    0.98	    1.00	    1.00	    1.00	    1.00	    1.00	    1.00	    1.00	    1.00	    1.00	    1.00	    1.00	    1.00	    1.00	    1.00	    1.00	    1.00	    1.00	    1.00	    1.00	    1.00	    1.00	    1.00	    1.00	    1.00	    1.00	    1.00	    1.00	    1.00	    1.00	    1.00	    1.00	    1.00	    1.00	    1.00	    1.00	    1.00	    1.00	    1.00	    1.00	    1.00	    1.00	    1.00	    1.00	    1.00	    1.00	    1.00	    1.00	    1.00	    1.00	    1.00	    1.00	    1.00	    1.00	    1.00	    1.00	    1.00	    1.00	    1.00	    1.00	    1.00	    1.00	    1.00	    1.00	    1.00	    1.00	    1.00	    1.00	    1.00	    1.00	    1.00	    1.00	    1.00	    1.00	    1.00	    1.00	    1.00	    1.00	    1.00	    1.00	    1.00	    1.00	    1.00	    1.00	    1.00	    1.00	    1.00	    1.00	    1.00	    1.00	    1.00	    1.00	    1.00	    1.00	    1.00	    1.00	    1.00	    1.00	    1.00	    1.00	    1.00	    1.00	    1.00	    1.00	    1.00	    1.00	    1.00	    1.00	    1.00	    1.00	    1.00	    1.00	    1.00	    1.00	    1.00	    1.00	    1.00	    1.00	    1.00	    1.00	    1.00	    1.00	    1.00	    1.00	    1.00	    1.00	    1.00	    1.00	    1.00	    1.00	    1.00	    1.00	    1.00	    1.00	    1.00	    1.00	    1.00	    1.00	    1.00	    1.00	    1.00	    1.00	    1.00	    1.00	    1.00	    1.00	    1.00	    1.00	    1.00	
test 0        1	       0	       0	       0	       1	       0	       0	       1	       1	       1	       1	       1	       1	       1	       1	       0	       1	       1	       1	       0	       0	       0	       1	       1	      -1	       0	       0	       0	       0	       0	       1	       0	       0	       0	       0	       1	       1	      -1	       0	       0	       1	       1	       0	       0	       0	       0	       0	       0	       0	       1	       0	       1	       1	       0	       0	       0	      -1	       0	       0	       0	       1	       0	       1	       0	       1	       0	       0	       0	       0	       0	       0	       1	       1	       1	       1	       0	       0	       0	       0	       1	       0	      -1	       1	       0	       0	       1	       0	       1	       0	       1	       0	       0	       0	       0	       0	       0	       0	       0	       0	       0	       0	       0	       0	       1	       0	       0	       0	       1	       1	       0	       0	       1	       0	       0	       1	       0	       0	       0	       0	       0	       0	       1	       0	       0	       0	       0	       1	       1	       1	       0	       0	       0	       0	       0	       1	      -1	       1	       0	       0	       1	       1	       0	       1	       0	       0	       0	       1	       1	       0	       0	       0	       0	       0	       0	       0	       0	       0	       1	       1	       0	       0	       0	       0	       0	       0	       0	       0	       0	       0	       1	       0	       0	       1	       0	       0	       0	       1	       0	       0	       0	       0	       1	       0	       0	       0	       0	       0	       1	       0	       0	      -1	       0	       0	       0	       0	       0	       0	       0	       1	       1	       1	       1	       0	       0	       1	       1	       0	       0	       1	       0	       0	       1	       1	       0	       0	       0	       0	       0	       0	       0	      -1	       0	       0	       0	       0	       0	       0	       1	       1	       0	       1	       1	       0	       0	       0	       0	       0	      -1	       1	       0	       0	
pred 1        1	      -1	       0	       0	       0	       1	       1	      -1	       0	       1	       1	       0	       0	       1	       1	       1	       1	       1	       1	       0	       0	       0	       1	      -1	      -1	       0	       0	       0	       1	       0	      -1	       0	       1	       0	       0	       0	       1	      -1	      -1	       0	       1	      -1	       0	       0	       0	       0	       0	      -1	      -1	       1	       0	       0	       1	       0	       0	       0	      -1	      -1	       0	       0	       0	       1	       0	       0	       1	      -1	      -1	       0	       0	      -1	       0	       0	       1	       0	       1	      -1	      -1	       0	       0	       0	       0	      -1	       1	       0	       0	       1	       0	      -1	       0	       0	       0	       0	      -1	      -1	      -1	       0	      -1	       0	       0	       0	       0	       0	      -1	       1	       0	       0	       0	       1	       1	       0	       0	      -1	       0	       0	       1	      -1	       0	       0	       1	       0	       0	       1	       0	       0	       0	       0	       1	      -1	       0	       0	       0	      -1	       1	       0	       1	       1	       1	       0	       0	       1	       1	       0	       0	       1	      -1	       0	       0	      -1	      -1	       0	       0	       0	       0	       0	       1	       1	       0	       0	       1	       0	       0	       1	      -1	       0	       1	       1	       0	       0	       0	      -1	       0	       0	       0	       0	       0	      -1	      -1	       0	      -1	       0	       0	       1	       1	       0	       0	      -1	       0	       1	       0	       0	      -1	       0	       0	       0	       0	       0	      -1	      -1	       1	       0	       1	       0	       0	       0	       0	      -1	       0	       0	      -1	      -1	       0	       0	      -1	       0	       0	       0	       0	       1	       0	       0	      -1	       0	       0	       0	       0	       0	       1	      -1	       0	       0	       1	       0	       0	      -1	       1	       0	       0	      -1	      -1	       0	       0	
prob 1     1.00	    1.00	    1.00	    1.00	    1.00	    1.00	    1.00	    1.00	    1.00	    1.00	    1.00	    1.00	    1.00	    1.00	    1.00	    1.00	    1.00	    1.00	    1.00	    1.00	    1.00	    1.00	    1.00	    1.00	    1.00	    1.00	    1.00	    1.00	    1.00	    1.00	    1.00	    1.00	    1.00	    1.00	    1.00	    1.00	    1.00	    1.00	    1.00	    1.00	    1.00	    1.00	    1.00	    1.00	    1.00	    1.00	    1.00	    1.00	    1.00	    1.00	    1.00	    1.00	    1.00	    1.00	    1.00	    1.00	    1.00	    1.00	    1.00	    1.00	    1.00	    1.00	    1.00	    1.00	    1.00	    1.00	    1.00	    1.00	    1.00	    1.00	    1.00	    1.00	    1.00	    1.00	    1.00	    1.00	    1.00	    1.00	    1.00	    1.00	    1.00	    1.00	    1.00	    1.00	    1.00	    1.00	    1.00	    1.00	    1.00	    1.00	    1.00	    1.00	    1.00	    1.00	    1.00	    1.00	    1.00	    1.00	    1.00	    1.00	    1.00	    1.00	    1.00	    1.00	    1.00	    1.00	    1.00	    1.00	    1.00	    1.00	    1.00	    1.00	    1.00	    1.00	    1.00	    1.00	    1.00	    1.00	    1.00	    1.00	    1.00	    1.00	    1.00	    1.00	    1.00	    1.00	    1.00	    1.00	    1.00	    1.00	    1.00	    1.00	    1.00	    1.00	    1.00	    1.00	    1.00	    1.00	    1.00	    1.00	    1.00	    1.00	    1.00	    1.00	    1.00	    1.00	    1.00	    1.00	    1.00	    1.00	    1.00	    1.00	    1.00	    1.00	    1.00	    1.00	    1.00	    1.00	    1.00	    1.00	    1.00	    1.00	    1.00	    1.00	    1.00	    1.00	    1.00	    1.00	    1.00	    1.00	    1.00	    1.00	    1.00	    1.00	    1.00	    1.00	    1.00	    1.00	    1.00	    1.00	    1.00	    1.00	    1.00	    1.00	    1.00	    1.00	    0.98	    1.00	    1.00	    1.00	    1.00	    1.00	    1.00	    1.00	    1.00	    1.00	    1.00	    1.00	    1.00	    1.00	    1.00	    1.00	    1.00	    1.00	    1.00	    1.00	    1.00	    1.00	    1.00	    1.00	    1.00	    1.00	    1.00	    1.00	    1.00	    1.00	    1.00	    1.00	    1.00	    1.00	    1.00	    1.00	    1.00	    1.00	    1.00	    1.00	    1.00	    1.00	    1.00	    1.00	    1.00	    1.00	    1.00	    1.00	    1.00	    1.00	    1.00	    1.00	    1.00	    1.00	    1.00	
test 1       -1	      -1	       0	       0	       0	       0	      -1	       0	       0	       0	       0	       0	       0	       0	       0	       0	       0	       0	      -1	       0	       0	       0	      -1	      -1	      -1	      -1	      -1	       0	      -1	       0	      -1	       0	      -1	       0	       0	       0	       0	      -1	      -1	       0	       0	       0	       0	      -1	      -1	       0	       0	       0	      -1	      -1	      -1	      -1	       0	      -1	       0	       0	      -1	      -1	       0	       0	      -1	       0	      -1	       0	      -1	      -1	      -1	      -1	       0	       0	       0	       0	       0	      -1	       0	      -1	       0	       0	       0	       0	       0	      -1	       0	       0	       0	      -1	       0	       0	       0	       0	      -1	       0	      -1	      -1	      -1	      -1	      -1	       0	       0	       0	      -1	      -1	      -1	      -1	      -1	       0	       0	       0	       0	       0	       0	       0	       0	       0	       0	      -1	      -1	      -1	      -1	       0	       0	      -1	       0	       0	      -1	      -1	      -1	      -1	      -1	       0	      -1	       0	       0	      -1	       0	      -1	       0	       0	       0	      -1	      -1	       0	       0	       0	      -1	       0	       0	      -1	      -1	       0	       0	       0	       0	       0	       0	       0	       0	      -1	      -1	       0	       0	       0	       0	      -1	       0	      -1	       0	       0	       0	      -1	       0	       0	       0	       0	       0	       0	      -1	       0	      -1	       0	       0	       0	       0	       0	       0	       0	      -1	      -1	       0	       0	      -1	       0	       0	       0	       0	       0	      -1	      -1	      -1	      -1	       0	       0	      -1	       0	      -1	       0	      -1	       0	      -1	       0	       0	      -1	      -1	       0	       0	       0	       0	       0	       0	       0	      -1	       0	       0	       0	       0	       0	       0	      -1	      -1	       0	       0	       0	      -1	      -1	       0	       0	       0	      -1	      -1	      -1	       0	
------
confusion matrix:
[[ 44  34  20]
 [ 66 201  45]
 [ 35  26  11]]
macro f1: 0.4041197489907981
micro f1: 0.5311203319502075
weighted f1: 0.21099892258644104
class -1 f1: 0.36213991769547327
class  0 f1: 0.7015706806282722
class  1 f1: 0.14864864864864866
average label-wise acc: 53.11%



